1908	2073.	1579.	
1908	421.	421.	
1908	209.	209.	
1909	207.	207.	
1909	205.	205.	
1909	233.	233.	
1909	1804.	1804.	
1909	32938.	13905.	
1909	52852.	0.	
1909	38391.	0.	
1909	12298.	4680.	
1909	2949.	0.	
1909	2073.	907.	
1909	421.	421.	
1909	209.	209.	
1910	207.	207.	
1910	205.	205.	
1910	233.	0.	
1910	1804.	0.	
1910	32938.	15981.	
1910	52852.	17762.	
1910	38391.	32002.	
1910	12298.	12298.	
1910	2949.	2949.	
1910	2073.	1178.	
1910	421.	50.	
1910	209.	209.	
1911	207.	207.	
1911	205.	205.	
1911	233.	0.	
1911	1804.	0.	
1911	32938.	0.	
1911	52852.	0.	
1911	38391.	8022.	
1911	12298.	7429.	
1911	2949.	2949.	
1911	2073.	1254.	
1911	421.	111.	
1911	209.	64.	
1912	207.	207.	
1912	205.	205.	
1912	233.	233.	
1912	1804.	0.	
1912	32938.	1336.	
1912	52852.	0.	
1912	38391.	0.	
1912	12298.	1624.	
1912	2949.	2949.	
1912	2073.	1707.	
1912	421.	355.	
1912	209.	209.	
1913	207.	207.	
1913	205.	205.	
1913	233.	233.	
1913	1804.	0.	
1913	32938.	0.	
1913	52852.	22373.	
1913	38391.	32753.	
1913	12298.	12298.	
1913	2949.	2949.	
1913	2073.	1717.	
1913	421.	419.	
1913	209.	209.	
1914	207.	207.	
1914	205.	205.	
1914	233.	233.	
1914	1804.	900.	
1914	32938.	0.	
1914	52852.	0.	
1914	38391.	4390.	
1914	12298.	6197.	
1914	2949.	2949.	
1914	2073.	1636.	
1914	421.	421.	
1914	209.	209.	
1915	207.	207.	
1915	205.	205.	
1915	233.	233.	
1915	1804.	0.	
1915	32938.	14305.	
1915	52852.	3636.	
1915	38391.	17911.	
1915	12298.	10539.	
1915	2949.	2949.	
1915	2073.	1785.	
1915	421.	421.	
1915	209.	209.	
1916	207.	207.	
1916	205.	205.	
1916	233.	0.	
1916	1804.	0.	
1916	32938.	0.	
1916	52852.	0.	
1916	38391.	2799.	
1916	12298.	0.	
1916	2949.	2233.	
1916	2073.	1036.	
1916	421.	348.	
1916	209.	209.	
1917	207.	207.	
1917	205.	205.	
1917	233.	233.	
1917	1804.	0.	
1917	32938.	20852.	
1917	52852.	0.	
1917	38391.	0.	
1917	12298.	8052.	
1917	2949.	2678.	
1917	2073.	1976.	
1917	421.	285.	
1917	209.	209.	
1918	207.	207.	
1918	205.	205.	
1918	233.	57.	
1918	1804.	0.	
1918	32938.	4473.	
1918	52852.	0.	
1918	38391.	14439.	
1918	12298.	8750.	
1918	2949.	2338.	
1918	2073.	1279.	
1918	421.	38.	
1918	209.	209.	
1919	207.	207.	
1919	205.	205.	
1919	233.	233.	
1919	1804.	0.	
1919	32938.	0.	
1919	52852.	29990.	
1919	38391.	31663.	
1919	12298.	11537.	
1919	2949.	2949.	
1919	2073.	1587.	
1919	421.	421.	
1919	209.	209.	
1920	207.	207.	
1920	205.	205.	
1920	233.	233.	
1920	1804.	1804.	
1920	32938.	0.	
1920	52852.	0.	
1920	38391.	8604.	
1920	12298.	5419.	
1920	2949.	2937.	
1920	2073.	1571.	
1920	421.	195.	
1920	209.	206.	
1921	207.	207.	
1921	205.	205.	
1921	233.	233.	
1921	1804.	1804.	
1921	32938.	12547.	
1921	52852.	0.	
1921	38391.	12067.	
1921	12298.	4707.	
1921	2949.	2017.	
1921	2073.	1642.	
1921	421.	421.	
1921	209.	209.	
1922	207.	207.	
1922	205.	205.	
1922	233.	233.	
1922	1804.	0.	
1922	32938.	0.	
1922	52852.	0.	
1922	38391.	26190.	
1922	12298.	8795.	
1922	2949.	2949.	
1922	2073.	1898.	
1922	421.	421.	
1922	209.	209.	
1923	207.	207.	
1923	205.	205.	
1923	233.	233.	
1923	1804.	0.	
1923	32938.	6322.	
1923	52852.	0.	
1923	38391.	4215.	
1923	12298.	947.	
1923	2949.	2888.	
1923	2073.	1455.	
1923	421.	421.	
1923	209.	209.	
1924	207.	207.	
1924	205.	205.	
1924	233.	233.	
1924	1804.	0.	
1924	32938.	2360.	
1924	52852.	0.	
1924	38391.	24013.	
1924	12298.	12298.	
1924	2949.	2949.	
1924	2073.	1770.	
1924	421.	421.	
1924	209.	209.	
1925	207.	207.	
1925	205.	205.	
1925	233.	233.	
1925	1804.	0.	
1925	32938.	3912.	
1925	52852.	15238.	
1925	38391.	24484.	
1925	12298.	9278.	
1925	2949.	1508.	
1925	2073.	1287.	
1925	421.	281.	
1925	209.	209.	
1926	207.	207.	
1926	205.	205.	
1926	233.	233.	
1926	1804.	0.	
1926	32938.	6447.	
1926	52852.	0.	
1926	38391.	10799.	
1926	12298.	9569.	
1926	2949.	2949.	
1926	2073.	1583.	
1926	421.	421.	
1926	209.	209.	
1927	207.	207.	
1927	205.	205.	
1927	233.	233.	
1927	1804.	1793.	
1927	32938.	0.	
1927	52852.	0.	
1927	38391.	16357.	
1927	12298.	5059.	
1927	2949.	2429.	
1927	2073.	1509.	
1927	421.	304.	
1927	209.	209.	
1928	207.	207.	
1928	205.	205.	
1928	233.	233.	
1928	1804.	1804.	
1928	32938.	0.	
1928	52852.	0.	
1928	38391.	8138.	
1928	12298.	9306.	
1928	2949.	2949.	
1928	2073.	1632.	
1928	421.	421.	
1928	209.	209.	
1929	207.	207.	
1929	205.	205.	
1929	233.	233.	
1929	1804.	1804.	
1929	32938.	3378.	
1929	52852.	0.	
1929	38391.	10413.	
1929	12298.	2255.	
1929	2949.	0.	
1929	2073.	1379.	
1929	421.	421.	
1929	209.	209.	
1930	207.	207.	
1930	205.	205.	
1930	233.	233.	
1930	1804.	0.	
1930	32938.	15398.	
1930	52852.	3230.	
1930	38391.	27217.	
1930	12298.	3511.	
1930	2949.	2949.	
1930	2073.	1511.	
1930	421.	421.	
1930	209.	209.	
1931	207.	207.	
1931	205.	205.	
1931	233.	233.	
1931	1804.	1804.	
1931	32938.	19318.	
1931	52852.	25057.	
1931	38391.	36303.	
1931	12298.	12298.	
1931	2949.	2949.	
1931	2073.	1630.	
1931	421.	421.	
1931	209.	209.	
1932	207.	207.	
1932	205.	205.	
1932	233.	233.	
1932	1804.	816.	
1932	32938.	1033.	
1932	52852.	0.	
1932	38391.	13627.	
1932	12298.	8659.	
1932	2949.	2949.	
1932	2073.	1695.	
1932	421.	421.	
1932	209.	209.	
1933	207.	207.	
1933	205.	205.	
1933	233.	233.	
1933	1804.	1804.	
1933	32938.	18818.	
1933	52852.	0.	
1933	38391.	26364.	
1933	12298.	12298.	
1933	2949.	2949.	
1933	2073.	1992.	
1933	421.	421.	
1933	209.	209.	
1934	207.	207.	
1934	205.	205.	
1934	233.	233.	
1934	1804.	1281.	
1934	32938.	1127.	
1934	52852.	46743.	
1934	38391.	38391.	
1934	12298.	12298.	
1934	2949.	2949.	
1934	2073.	1965.	
1934	421.	421.	
1934	209.	209.	
1935	207.	207.	
1935	205.	205.	
1935	233.	233.	
1935	1804.	1804.	
1935	32938.	26767.	
1935	52852.	0.	
1935	38391.	18916.	
1935	12298.	11461.	
1935	2949.	2949.	
1935	2073.	2000.	
1935	421.	421.	
1935	209.	209.	
1936	207.	207.	
1936	205.	205.	
1936	233.	233.	
1936	1804.	0.	
1936	32938.	0.	
1936	52852.	5866.	
1936	38391.	26827.	
1936	12298.	7463.	
1936	2949.	2949.	
1936	2073.	1974.	
1936	421.	421.	
1936	209.	209.	
1937	207.	207.	
1937	205.	205.	
1937	233.	233.	
1937	1804.	1804.	
1937	32938.	0.	
1937	52852.	26767.	
1937	38391.	29774.	
1937	12298.	12298.	
1937	2949.	2949.	
1937	2073.	1897.	
1937	421.	421.	
1937	209.	209.	
1938	207.	207.	
1938	205.	205.	
1938	233.	233.	
1938	1804.	1752.	
1938	32938.	6348.	
1938	52852.	0.	
1938	38391.	13817.	
1938	12298.	10889.	
1938	2949.	2949.	
1938	2073.	2004.	
1938	421.	421.	
1938	209.	209.	
1939	207.	207.	
1939	205.	205.	
1939	233.	233.	
1939	1804.	0.	
1939	32938.	0.	
1939	52852.	19381.	
1939	38391.	35277.	
1939	12298.	12298.	
1939	2949.	2949.	
1939	2073.	2073.	
1939	421.	421.	
1939	209.	209.	
1940	207.	207.	
1940	205.	205.	
1940	233.	233.	
1940	1804.	1804.	
1940	32938.	8832.	
1940	52852.	21701.	
1940	38391.	36129.	
1940	12298.	12298.	
1940	2949.	2949.	
1940	2073.	2073.	
1940	421.	421.	
1940	209.	209.	
1941	207.	207.	
1941	205.	205.	
1941	233.	233.	
1941	1804.	1804.	
1941	32938.	0.	
1941	52852.	11459.	
1941	38391.	28222.	
1941	12298.	11704.	
1941	2949.	2949.	
1941	2073.	1656.	
1941	421.	421.	
1941	209.	209.	
1942	207.	207.	
1942	205.	205.	
1942	233.	233.	
1942	1804.	1804.	
1942	32938.	7698.	
1942	52852.	0.	
1942	38391.	21862.	
1942	12298.	11879.	
1942	2949.	2949.	
1942	2073.	1844.	
1942	421.	421.	
1942	209.	209.	
1943	207.	207.	
1943	205.	205.	
1943	233.	233.	
1943	1804.	0.	
1943	32938.	10195.	
1943	52852.	0.	
1943	38391.	21789.	
1943	12298.	7877.	
1943	2949.	2949.	
1943	2073.	1753.	
1943	421.	421.	
1943	209.	209.	
1944	207.	207.	
1944	205.	205.	
1944	233.	233.	
1944	1804.	1804.	
1944	32938.	7954.	
1944	52852.	0.	
1944	38391.	22481.	
1944	12298.	12298.	
1944	2949.	2949.	
1944	2073.	1905.	
1944	421.	421.	
1944	209.	209.	
1945	207.	207.	
1945	205.	205.	
1945	233.	233.	
1945	1804.	1143.	
1945	32938.	12449.	
1945	52852.	4636.	
1945	38391.	13525.	
1945	12298.	4060.	
1945	2949.	2949.	
1945	2073.	1760.	
1945	421.	421.	
1945	209.	209.	
1946	207.	207.	
1946	205.	205.	
1946	233.	233.	
1946	1804.	0.	
1946	32938.	23235.	
1946	52852.	5718.	
1946	38391.	29208.	
1946	12298.	12298.	
1946	2949.	2949.	
1946	2073.	1707.	
1946	421.	421.	
1946	209.	209.	
1947	207.	207.	
1947	205.	205.	
1947	233.	233.	
1947	1804.	1804.	
1947	32938.	4778.	
1947	52852.	0.	
1947	38391.	0.	
1947	12298.	6598.	
1947	2949.	2472.	
1947	2073.	1029.	
1947	421.	373.	
1947	209.	209.	
1948	207.	207.	
1948	205.	205.	
1948	233.	233.	
1948	1804.	0.	
1948	32938.	0.	
1948	52852.	1081.	
1948	38391.	19961.	
1948	12298.	11282.	
1948	2949.	2949.	
1948	2073.	1916.	
1948	421.	421.	
1948	209.	209.	
1949	207.	207.	
1949	205.	205.	
1949	233.	233.	
1949	1804.	0.	
1949	32938.	5208.	
1949	52852.	0.	
1949	38391.	53.	
1949	12298.	8532.	
1949	2949.	2949.	
1949	2073.	1467.	
1949	421.	421.	
1949	209.	209.	
1950	207.	207.	
1950	205.	205.	
1950	233.	233.	
1950	1804.	129.	
1950	32938.	5357.	
1950	52852.	0.	
1950	38391.	26251.	
1950	12298.	12298.	
1950	2949.	2949.	
1950	2073.	2073.	
1950	421.	421.	
1950	209.	209.	
1951	207.	207.	
1951	205.	205.	
1951	233.	233.	
1951	1804.	1804.	
1951	32938.	0.	
1951	52852.	0.	
1951	38391.	869.	
1951	12298.	7333.	
1951	2949.	2949.	
1951	2073.	1821.	
1951	421.	421.	
1951	209.	209.	
1952	207.	207.	
1952	205.	205.	
1952	233.	233.	
1952	1804.	0.	
1952	32938.	0.	
1952	52852.	0.	
1952	38391.	8525.	
1952	12298.	4592.	
1952	2949.	2949.	
1952	2073.	1861.	
1952	421.	421.	
1952	209.	209.	
1953	207.	207.	
1953	205.	205.	
1953	233.	233.	
1953	1804.	1804.	
1953	32938.	18991.	
1953	52852.	0.	
1953	38391.	18460.	
1953	12298.	4532.	
1953	2949.	2949.	
1953	2073.	2059.	
1953	421.	421.	
1953	209.	209.	
1954	207.	207.	
1954	205.	205.	
1954	233.	233.	
1954	1804.	360.	
1954	32938.	4313.	
1954	52852.	43264.	
1954	38391.	35247.	
1954	12298.	12298.	
1954	2949.	2949.	
1954	2073.	1314.	
1954	421.	421.	
1954	209.	209.	
1955	207.	207.	
1955	205.	205.	
1955	233.	233.	
1955	1804.	0.	
1955	32938.	2828.	
1955	52852.	27500.	
1955	38391.	24703.	
1955	12298.	9350.	
1955	2949.	2949.	
1955	2073.	2073.	
1955	421.	421.	
1955	209.	209.	
1956	207.	207.	
1956	205.	205.	
1956	233.	233.	
1956	1804.	105.	
1956	32938.	0.	
1956	52852.	11036.	
1956	38391.	33661.	
1956	12298.	12298.	
1956	2949.	2949.	
1956	2073.	2073.	
1956	421.	421.	
1956	209.	209.	
1957	207.	207.	
1957	205.	205.	
1957	233.	233.	
1957	1804.	1804.	
1957	32938.	26708.	
1957	52852.	0.	
1957	38391.	0.	
1957	12298.	0.	
1957	2949.	2650.	
1957	2073.	1803.	
1957	421.	421.	
1957	209.	209.	
1958	207.	207.	
1958	205.	205.	
1958	233.	233.	
1958	1804.	1804.	
1958	32938.	0.	
1958	52852.	0.	
1958	38391.	31165.	
1958	12298.	12298.	
1958	2949.	2949.	
1958	2073.	2073.	
1958	421.	421.	
1958	209.	209.	
1959	207.	207.	
1959	205.	205.	
1959	233.	233.	
1959	1804.	1804.	
1959	32938.	11212.	
1959	52852.	0.	
1959	38391.	24256.	
1959	12298.	12298.	
1959	2949.	2949.	
1959	2073.	1617.	
1959	421.	421.	
1959	209.	209.	
1960	207.	207.	
1960	205.	205.	
1960	233.	233.	
1960	1804.	0.	
1960	32938.	8893.	
1960	52852.	0.	
1960	38391.	21954.	
1960	12298.	12175.	
1960	2949.	2949.	
1960	2073.	2073.	
1960	421.	421.	
1960	209.	209.	
1961	207.	207.	
1961	205.	205.	
1961	233.	233.	
1961	1804.	1804.	
1961	32938.	4699.	
1961	52852.	20381.	
1961	38391.	33742.	
1961	12298.	12009.	
1961	2949.	0.	
1961	2073.	498.	
1961	421.	45.	
1961	209.	209.	
1962	207.	207.	
1962	205.	205.	
1962	233.	233.	
1962	1804.	0.	
1962	32938.	0.	
1962	52852.	0.	
1962	38391.	0.	
1962	12298.	8903.	
1962	2949.	2949.	
1962	2073.	2006.	
1962	421.	421.	
1962	209.	209.	
1963	207.	207.	
1963	205.	205.	
1963	233.	233.	
1963	1804.	1804.	
1963	32938.	0.	
1963	52852.	32596.	
1963	38391.	37287.	
1963	12298.	8762.	
1963	2949.	2949.	
1963	2073.	1847.	
1963	421.	421.	
1963	209.	209.	
1964	207.	207.	
1964	205.	205.	
1964	233.	233.	
1964	1804.	1804.	
1964	32938.	1650.	
1964	52852.	19415.	
1964	38391.	20794.	
1964	12298.	5125.	
1964	2949.	2949.	
1964	2073.	2019.	
1964	421.	421.	
1964	209.	209.	
1965	207.	207.	
1965	205.	205.	
1965	233.	233.	
1965	1804.	1804.	
1965	32938.	17076.	
1965	52852.	0.	
1965	38391.	0.	
1965	12298.	0.	
1965	2949.	1218.	
1965	2073.	779.	
1965	421.	421.	
1965	209.	209.	
1966	207.	207.	
1966	205.	205.	
1966	233.	233.	
1966	1804.	669.	
1966	32938.	4758.	
1966	52852.	35596.	
1966	38391.	29991.	
1966	12298.	11482.	
1966	2949.	2949.	
1966	2073.	1915.	
1966	421.	421.	
1966	209.	209.	
1967	207.	207.	
1967	205.	205.	
1967	233.	233.	
1967	1804.	1141.	
1967	32938.	13421.	
1967	52852.	5791.	
1967	38391.	18160.	
1967	12298.	11866.	
1967	2949.	2949.	
1967	2073.	1951.	
1967	421.	421.	
1967	209.	209.	
1968	207.	207.	
1968	205.	205.	
1968	233.	233.	
1968	1804.	1804.	
1968	32938.	25428.	
1968	52852.	0.	
1968	38391.	19188.	
1968	12298.	0.	
1968	2949.	2166.	
1968	2073.	1523.	
1968	421.	421.	
1968	209.	209.	
1969	207.	207.	
1969	205.	205.	
1969	233.	233.	
1969	1804.	0.	
1969	32938.	0.	
1969	52852.	20950.	
1969	38391.	13670.	
1969	12298.	10822.	
1969	2949.	2949.	
1969	2073.	1390.	
1969	421.	246.	
1969	209.	209.	
1970	207.	207.	
1970	205.	205.	
1970	233.	233.	
1970	1804.	1804.	
1970	32938.	0.	
1970	52852.	0.	
1970	38391.	10542.	
1970	12298.	9234.	
1970	2949.	997.	
1970	2073.	1216.	
1970	421.	421.	
1970	209.	209.	
1971	207.	207.	
1971	205.	205.	
1971	233.	233.	
1971	1804.	0.	
1971	32938.	20071.	
1971	52852.	0.	
1971	38391.	6693.	
1971	12298.	9733.	
1971	2949.	2949.	
1971	2073.	1901.	
1971	421.	421.	
1971	209.	209.	
1972	207.	207.	
1972	205.	205.	
1972	233.	233.	
1972	1804.	1120.	
1972	32938.	14560.	
1972	52852.	0.	
1972	38391.	33318.	
1972	12298.	12298.	
1972	2949.	2949.	
1972	2073.	1449.	
1972	421.	421.	
1972	209.	209.	
1973	207.	207.	
1973	205.	205.	
1973	233.	233.	
1973	1804.	1804.	
1973	32938.	22241.	
1973	52852.	0.	
1973	38391.	12565.	
1973	12298.	10650.	
1973	2949.	2949.	
1973	2073.	1868.	
1973	421.	421.	
1973	209.	209.	
1974	207.	207.	
1974	205.	205.	
1974	233.	233.	
1974	1804.	1804.	
1974	32938.	0.	
1974	52852.	16292.	
1974	38391.	32229.	
1974	12298.	12298.	
1974	2949.	2949.	
1974	2073.	2073.	
1974	421.	421.	
1974	209.	209.	
1975	207.	207.	
1975	205.	205.	
1975	233.	233.	
1975	1804.	1804.	
1975	32938.	26423.	
1975	52852.	6189.	
1975	38391.	8030.	
1975	12298.	10361.	
1975	2949.	2949.	
1975	2073.	2073.	
1975	421.	421.	
1975	209.	209.	
1976	207.	207.	
1976	205.	205.	
1976	233.	233.	
1976	1804.	1804.	
1976	32938.	15699.	
1976	52852.	22696.	
1976	38391.	32558.	
1976	12298.	12244.	
1976	2949.	2949.	
1976	2073.	2073.	
1976	421.	421.	
1976	209.	209.	
1977	207.	207.	
1977	205.	205.	
1977	233.	233.	
1977	1804.	1804.	
1977	32938.	24961.	
1977	52852.	43744.	
1977	38391.	38391.	
1977	12298.	12298.	
1977	2949.	2949.	
1977	2073.	2073.	
1977	421.	421.	
1977	209.	209.	
1978	207.	207.	
1978	205.	205.	
1978	233.	233.	
1978	1804.	1787.	
1978	32938.	20453.	
1978	52852.	0.	
1978	38391.	12631.	
1978	12298.	11126.	
1978	2949.	2949.	
1978	2073.	2073.	
1978	421.	421.	
1978	209.	209.	
1979	207.	207.	
1979	205.	205.	
1979	233.	233.	
1979	1804.	1804.	
1979	32938.	18577.	
1979	52852.	0.	
1979	38391.	9540.	
1979	12298.	10255.	
1979	2949.	2949.	
1979	2073.	2073.	
1979	421.	421.	
1979	209.	209.	
1980	207.	207.	
1980	205.	205.	
1980	233.	233.	
1980	1804.	1804.	
1980	32938.	26457.	
1980	52852.	0.	
1980	38391.	26547.	
1980	12298.	12298.	
1980	2949.	2949.	
1980	2073.	2073.	
1980	421.	421.	
1980	209.	209.	
1981	207.	207.	
1981	205.	205.	
1981	233.	233.	
1981	1804.	1804.	
1981	32938.	21725.	
1981	52852.	21098.	
1981	38391.	34335.	
1981	12298.	12298.	
1981	2949.	2949.	
1981	2073.	1729.	
1981	421.	421.	
1981	209.	209.	
1982	207.	207.	
1982	205.	205.	
1982	233.	233.	
1982	1804.	1804.	
1982	32938.	20882.	
1982	52852.	0.	
1982	38391.	12230.	
1982	12298.	6960.	
1982	2949.	1176.	
1982	2073.	340.	
1982	421.	27.	
1982	209.	209.	
1983	207.	207.	
1983	205.	205.	
1983	233.	233.	
1983	1804.	1804.	
1983	32938.	26369.	
1983	52852.	0.	
1983	38391.	0.	
1983	12298.	0.	
1983	2949.	2381.	
1983	2073.	1016.	
1983	421.	0.	
1983	209.	119.	
1984	207.	207.	
1984	205.	205.	
1984	233.	233.	
1984	1804.	1804.	
1984	32938.	0.	
1984	52852.	0.	
1984	38391.	0.	
1984	12298.	0.	
1984	2949.	0.	
1984	2073.	0.	
1984	421.	0.	
1984	209.	0.	
1985	207.	207.	
1985	205.	205.	
1985	233.	233.	
1985	1804.	0.	
1985	32938.	745.	
1985	52852.	0.	
1985	38391.	21483.	
1985	12298.	11241.	
1985	2949.	2949.	
1985	2073.	262.	
1985	421.	41.	
1985	209.	209.	
1986	207.	207.	
1986	205.	205.	
1986	233.	0.	
1986	1804.	0.	
1986	32938.	9070.	
1986	52852.	0.	
1986	38391.	18517.	
1986	12298.	9018.	
1986	2949.	486.	
1986	2073.	0.	
1986	421.	0.	
1986	209.	209.	
1987	207.	207.	
1987	205.	205.	
1987	233.	233.	
1987	1804.	598.	
1987	32938.	4553.	
1987	52852.	18393.	
1987	38391.	34561.	
1987	12298.	12223.	
1987	2949.	2949.	
1987	2073.	2073.	
1987	421.	421.	
1987	209.	209.	
1988	207.	207.	
1988	205.	205.	
1988	233.	233.	
1988	1804.	1804.	
1988	32938.	16037.	
1988	52852.	12193.	
1988	38391.	35394.	
1988	12298.	12298.	
1988	2949.	2949.	
1988	2073.	2073.	
1988	421.	421.	
1988	209.	209.	
1989	207.	207.	
1989	205.	205.	
1989	233.	233.	
1989	1804.	0.	
1989	32938.	13690.	
1989	52852.	36677.	
1989	38391.	34213.	
1989	12298.	12298.	
1989	2949.	2949.	
1989	2073.	2073.	
1989	421.	421.	
1989	209.	209.	
1990	207.	207.	
1990	205.	205.	
1990	233.	233.	
1990	1804.	1804.	
1990	32938.	23362.	
1990	52852.	8490.	
1990	38391.	31851.	
1990	12298.	12298.	
1990	2949.	2949.	
1990	2073.	964.	
1990	421.	250.	
1990	209.	209.	
1991	207.	207.	
1991	205.	205.	
1991	233.	233.	
1991	1804.	1804.	
1991	32938.	10745.	
1991	52852.	5475.	
1991	38391.	27703.	
1991	12298.	11668.	
1991	2949.	2949.	
1991	2073.	2073.	
1991	421.	421.	
1991	209.	209.	
1992	207.	207.	
1992	205.	205.	
1992	233.	233.	
1992	1804.	1599.	
1992	32938.	5176.	
1992	52852.	29672.	
1992	38391.	27740.	
1992	12298.	10624.	
1992	2949.	2949.	
1992	2073.	1802.	
1992	421.	287.	
1992	209.	209.	
1993	207.	207.	
1993	205.	205.	
1993	233.	233.	
1993	1804.	1804.	
1993	32938.	0.	
1993	52852.	0.	
1993	38391.	7696.	
1993	12298.	8887.	
1993	2949.	2117.	
1993	2073.	1181.	
1993	421.	421.	
1993	209.	209.	
1994	207.	207.	
1994	205.	205.	
1994	233.	233.	
1994	1804.	1379.	
1994	32938.	5050.	
1994	52852.	19018.	
1994	38391.	37659.	
1994	12298.	12298.	
1994	2949.	2949.	
1994	2073.	2073.	
1994	421.	421.	
1994	209.	209.	
1995	207.	207.	
1995	205.	205.	
1995	233.	233.	
1995	1804.	1804.	
1995	32938.	27303.	
1995	52852.	0.	
1995	38391.	0.	
1995	12298.	0.	
1995	2949.	1444.	
1995	2073.	566.	
1995	421.	116.	
1995	209.	172.	
1996	207.	207.	
1996	205.	205.	
1996	233.	233.	
1996	1804.	0.	
1996	32938.	0.	
1996	52852.	0.	
1996	38391.	23325.	
1996	12298.	12118.	
1996	2949.	2949.	
1996	2073.	970.	
1996	421.	0.	
1996	209.	38.	
1997	207.	207.	
1997	205.	205.	
1997	233.	0.	
1997	1804.	1804.	
1997	32938.	3958.	
1997	52852.	0.	
1997	38391.	19383.	
1997	12298.	6752.	
1997	2949.	2442.	
1997	2073.	365.	
1997	421.	56.	
1997	209.	209.	
1998	207.	207.	
1998	205.	205.	
1998	233.	233.	
1998	1804.	1804.	
1998	32938.	17388.	
1998	52852.	15391.	
1998	38391.	14255.	
1998	12298.	8191.	
1998	2949.	2949.	
1998	2073.	1378.	
1998	421.	348.	
1998	209.	209.	
1999	207.	207.	
1999	205.	205.	
1999	233.	0.	
1999	1804.	1804.	
1999	32938.	16190.	
1999	52852.	0.	
1999	38391.	20344.	
1999	12298.	5469.	
1999	2949.	696.	
1999	2073.	767.	
1999	421.	323.	
1999	209.	209.	
2000	207.	207.	
2000	205.	205.	
2000	233.	233.	
2000	1804.	0.	
2000	32938.	0.	
2000	52852.	18823.	
2000	38391.	33068.	
2000	12298.	12298.	
2000	2949.	2949.	
2000	2073.	1757.	
2000	421.	256.	
2000	209.	209.	
2001	207.	207.	
2001	205.	205.	
2001	233.	233.	
2001	1804.	1804.	
2001	32938.	4699.	
2001	52852.	29077.	
2001	38391.	35570.	
2001	12298.	10709.	
2001	2949.	2949.	
2001	2073.	2073.	
2001	421.	421.	
2001	209.	209.	
2002	207.	207.	
2002	205.	205.	
2002	233.	233.	
2002	1804.	1396.	
2002	32938.	23498.	
2002	52852.	51951.	
2002	38391.	38391.	
2002	12298.	12298.	
2002	2949.	2949.	
2002	2073.	1839.	
2002	421.	421.	
2002	209.	209.	
2003	207.	207.	
2003	205.	205.	
2003	233.	233.	
2003	1804.	1804.	
2003	32938.	2683.	
2003	52852.	11904.	
2003	38391.	32490.	
2003	12298.	12298.	
2003	2949.	2949.	
2003	2073.	2073.	
2003	421.	421.	
2003	209.	209.	
2004	207.	207.	
2004	205.	205.	
2004	233.	60.	
2004	1804.	1804.	
2004	32938.	16937.	
2004	52852.	40881.	
2004	38391.	35859.	
2004	12298.	12298.	
2004	2949.	2949.	
2004	2073.	2073.	
2004	421.	421.	
2004	209.	209.	
2005	207.	207.	
2005	205.	205.	
2005	233.	233.	
2005	1804.	1804.	
2005	32938.	9655.	
2005	52852.	16551.	
2005	38391.	29939.	
2005	12298.	11876.	
2005	2949.	2949.	
2005	2073.	404.	
2005	421.	0.	
2005	209.	141.	
2006	207.	207.	
2006	205.	205.	
2006	233.	233.	
2006	1804.	0.	
2006	32938.	7257.	
2006	52852.	27762.	
2006	38391.	33295.	
2006	12298.	12298.	
2006	2949.	2949.	
2006	2073.	0.	
2006	421.	0.	
2006	209.	209.	
2007	207.	207.	
2007	205.	205.	
2007	233.	0.	
2007	1804.	430.	
2007	32938.	7080.	
2007	52852.	16395.	
2007	38391.	32965.	
2007	12298.	11191.	
2007	2949.	2949.	
2007	2073.	1115.	
2007	421.	393.	
2007	209.	209.	
2008	207.	207.	
2008	205.	205.	
2008	233.	233.	
2008	1804.	1804.	
2008	32938.	6138.	
2008	52852.	0.	
2008	38391.	7550.	
2008	12298.	7815.	
2008	2949.	2949.	
2008	2073.	2073.	
2008	421.	421.	
2008	209.	209.	
2009	207.	207.	
2009	205.	205.	
2009	233.	156.	
2009	1804.	525.	
2009	32938.	0.	
2009	52852.	5617.	
2009	38391.	26117.	
2009	12298.	12298.	
2009	2949.	2949.	
2009	2073.	1860.	
2009	421.	421.	
2009	209.	209.	
2010	207.	207.	
2010	205.	205.	
2010	233.	233.	
2010	1804.	153.	
2010	32938.	15786.	
2010	52852.	1415.	
2010	38391.	34701.	
2010	12298.	10003.	
2010	2949.	2949.	
2010	2073.	2073.	
2010	421.	421.	
2010	209.	209.	
2011	207.	207.	
2011	205.	205.	
2011	233.	233.	
2011	1804.	1804.	
2011	32938.	24825.	
2011	52852.	0.	
2011	38391.	0.	
2011	12298.	8499.	
2011	2949.	2949.	
2011	2073.	1676.	
2011	421.	421.	
2011	209.	209.	
2012	207.	207.	
2012	205.	205.	
2012	233.	164.	
2012	1804.	0.	
2012	32938.	25303.	
2012	52852.	47252.	
2012	38391.	38391.	
2012	12298.	12298.	
2012	2949.	2949.	
2012	2073.	2073.	
2012	421.	421.	
2012	209.	209.	
2013	207.	207.	
2013	205.	205.	
2013	233.	233.	
2013	1804.	1804.	
2013	32938.	25401.	
2013	52852.	19935.	
2013	38391.	35695.	
2013	12298.	12298.	
2013	2949.	590.	
