1908	52.	0.	
1908	1.	0.	
1908	0.	0.	
1909	0.	0.	
1909	0.	0.	
1909	0.	0.	
1909	44.	0.	
1909	201.	0.	
1909	331.	0.	
1909	246.	0.	
1909	83.	0.	
1909	227.	0.	
1909	52.	0.	
1909	1.	0.	
1909	0.	0.	
1910	0.	0.	
1910	0.	0.	
1910	3.	0.	
1910	52.	0.	
1910	97.	0.	
1910	217.	0.	
1910	189.	0.	
1910	121.	0.	
1910	100.	0.	
1910	50.	0.	
1910	0.	0.	
1910	0.	0.	
1911	0.	0.	
1911	0.	0.	
1911	3.	0.	
1911	52.	0.	
1911	201.	0.	
1911	331.	0.	
1911	246.	0.	
1911	86.	0.	
1911	227.	0.	
1911	25.	0.	
1911	0.	0.	
1911	0.	0.	
1912	0.	0.	
1912	0.	0.	
1912	3.	0.	
1912	52.	0.	
1912	201.	0.	
1912	331.	0.	
1912	246.	0.	
1912	83.	0.	
1912	227.	0.	
1912	52.	0.	
1912	1.	0.	
1912	0.	0.	
1913	0.	0.	
1913	0.	0.	
1913	3.	0.	
1913	52.	0.	
1913	97.	0.	
1913	217.	0.	
1913	189.	0.	
1913	121.	0.	
1913	100.	0.	
1913	25.	0.	
1913	0.	0.	
1913	0.	0.	
1914	0.	0.	
1914	0.	0.	
1914	0.	0.	
1914	44.	0.	
1914	201.	0.	
1914	331.	0.	
1914	246.	0.	
1914	83.	0.	
1914	227.	0.	
1914	25.	0.	
1914	0.	0.	
1914	0.	0.	
1915	0.	0.	
1915	0.	0.	
1915	3.	0.	
1915	44.	0.	
1915	97.	0.	
1915	331.	0.	
1915	246.	0.	
1915	86.	0.	
1915	227.	0.	
1915	25.	0.	
1915	0.	0.	
1915	0.	0.	
1916	0.	0.	
1916	0.	0.	
1916	0.	0.	
1916	44.	0.	
1916	201.	0.	
1916	331.	0.	
1916	246.	0.	
1916	83.	0.	
1916	227.	0.	
1916	25.	0.	
1916	0.	0.	
1916	0.	0.	
1917	0.	0.	
1917	0.	0.	
1917	0.	0.	
1917	44.	0.	
1917	97.	0.	
1917	331.	0.	
1917	246.	0.	
1917	83.	0.	
1917	227.	0.	
1917	52.	0.	
1917	0.	0.	
1917	0.	0.	
1918	0.	0.	
1918	0.	0.	
1918	3.	0.	
1918	52.	0.	
1918	201.	0.	
1918	331.	0.	
1918	246.	0.	
1918	86.	0.	
1918	227.	0.	
1918	25.	0.	
1918	0.	0.	
1918	0.	0.	
1919	0.	0.	
1919	0.	0.	
1919	3.	0.	
1919	44.	0.	
1919	201.	0.	
1919	217.	0.	
1919	189.	0.	
1919	86.	0.	
1919	227.	0.	
1919	52.	0.	
1919	1.	0.	
1919	0.	0.	
1920	0.	0.	
1920	0.	0.	
1920	0.	0.	
1920	44.	0.	
1920	201.	0.	
1920	331.	0.	
1920	246.	0.	
1920	83.	0.	
1920	227.	0.	
1920	25.	0.	
1920	0.	0.	
1920	0.	0.	
1921	0.	0.	
1921	0.	0.	
1921	3.	0.	
1921	52.	0.	
1921	201.	0.	
1921	331.	0.	
1921	246.	0.	
1921	83.	0.	
1921	227.	0.	
1921	25.	0.	
1921	1.	0.	
1921	0.	0.	
1922	0.	0.	
1922	0.	0.	
1922	3.	0.	
1922	52.	0.	
1922	201.	0.	
1922	217.	0.	
1922	189.	0.	
1922	86.	0.	
1922	111.	0.	
1922	52.	0.	
1922	1.	0.	
1922	0.	0.	
1923	0.	0.	
1923	0.	0.	
1923	3.	0.	
1923	52.	0.	
1923	201.	0.	
1923	331.	0.	
1923	246.	0.	
1923	83.	0.	
1923	227.	0.	
1923	25.	0.	
1923	1.	0.	
1923	0.	0.	
1924	0.	0.	
1924	0.	0.	
1924	0.	0.	
1924	52.	0.	
1924	201.	0.	
1924	331.	0.	
1924	246.	0.	
1924	121.	0.	
1924	111.	0.	
1924	52.	0.	
1924	1.	0.	
1924	0.	0.	
1925	0.	0.	
1925	0.	0.	
1925	3.	0.	
1925	52.	0.	
1925	97.	0.	
1925	217.	0.	
1925	189.	0.	
1925	121.	0.	
1925	111.	0.	
1925	25.	0.	
1925	0.	0.	
1925	0.	0.	
1926	0.	0.	
1926	0.	0.	
1926	0.	0.	
1926	44.	0.	
1926	201.	0.	
1926	331.	0.	
1926	246.	0.	
1926	83.	0.	
1926	227.	0.	
1926	25.	0.	
1926	0.	0.	
1926	0.	0.	
1927	0.	0.	
1927	0.	0.	
1927	3.	0.	
1927	44.	0.	
1927	201.	0.	
1927	331.	0.	
1927	246.	0.	
1927	83.	0.	
1927	227.	0.	
1927	25.	0.	
1927	0.	0.	
1927	0.	0.	
1928	0.	0.	
1928	0.	0.	
1928	0.	0.	
1928	52.	0.	
1928	201.	0.	
1928	331.	0.	
1928	246.	0.	
1928	83.	0.	
1928	100.	0.	
1928	52.	0.	
1928	1.	0.	
1928	0.	0.	
1929	0.	0.	
1929	0.	0.	
1929	3.	0.	
1929	52.	0.	
1929	97.	0.	
1929	217.	0.	
1929	189.	0.	
1929	121.	0.	
1929	111.	0.	
1929	25.	0.	
1929	0.	0.	
1929	0.	0.	
1930	0.	0.	
1930	0.	0.	
1930	3.	0.	
1930	44.	0.	
1930	97.	0.	
1930	217.	0.	
1930	189.	0.	
1930	83.	0.	
1930	227.	0.	
1930	25.	0.	
1930	0.	0.	
1930	0.	0.	
1931	0.	0.	
1931	0.	0.	
1931	0.	0.	
1931	52.	0.	
1931	97.	0.	
1931	217.	0.	
1931	189.	0.	
1931	86.	0.	
1931	227.	0.	
1931	25.	0.	
1931	0.	0.	
1931	0.	0.	
1932	0.	0.	
1932	0.	0.	
1932	3.	0.	
1932	44.	0.	
1932	201.	0.	
1932	331.	0.	
1932	246.	0.	
1932	83.	0.	
1932	100.	0.	
1932	52.	0.	
1932	0.	0.	
1932	0.	0.	
1933	0.	0.	
1933	0.	0.	
1933	3.	0.	
1933	52.	0.	
1933	97.	0.	
1933	331.	0.	
1933	246.	0.	
1933	121.	0.	
1933	227.	0.	
1933	50.	0.	
1933	1.	0.	
1933	0.	0.	
1934	0.	0.	
1934	0.	0.	
1934	0.	0.	
1934	44.	0.	
1934	201.	0.	
1934	217.	0.	
1934	185.	0.	
1934	121.	0.	
1934	116.	0.	
1934	58.	0.	
1934	1.	0.	
1934	0.	0.	
1935	0.	0.	
1935	0.	0.	
1935	3.	0.	
1935	52.	0.	
1935	94.	0.	
1935	331.	0.	
1935	246.	0.	
1935	86.	0.	
1935	227.	0.	
1935	52.	0.	
1935	1.	0.	
1935	0.	0.	
1936	0.	0.	
1936	0.	0.	
1936	3.	0.	
1936	44.	0.	
1936	201.	0.	
1936	331.	0.	
1936	189.	0.	
1936	83.	0.	
1936	227.	0.	
1936	50.	0.	
1936	0.	0.	
1936	0.	0.	
1937	0.	0.	
1937	0.	0.	
1937	3.	0.	
1937	52.	0.	
1937	97.	0.	
1937	217.	0.	
1937	189.	0.	
1937	121.	0.	
1937	227.	0.	
1937	50.	0.	
1937	0.	0.	
1937	0.	0.	
1938	0.	0.	
1938	0.	0.	
1938	0.	0.	
1938	44.	0.	
1938	201.	0.	
1938	331.	0.	
1938	246.	0.	
1938	83.	0.	
1938	227.	0.	
1938	50.	0.	
1938	0.	0.	
1938	0.	0.	
1939	0.	0.	
1939	0.	0.	
1939	0.	0.	
1939	44.	0.	
1939	201.	0.	
1939	217.	0.	
1939	189.	0.	
1939	121.	0.	
1939	116.	0.	
1939	58.	0.	
1939	1.	0.	
1939	0.	0.	
1940	0.	0.	
1940	0.	0.	
1940	0.	0.	
1940	52.	0.	
1940	97.	0.	
1940	217.	0.	
1940	189.	0.	
1940	121.	0.	
1940	227.	0.	
1940	50.	0.	
1940	1.	0.	
1940	0.	0.	
1941	0.	0.	
1941	0.	0.	
1941	0.	0.	
1941	52.	0.	
1941	201.	0.	
1941	217.	0.	
1941	189.	0.	
1941	121.	0.	
1941	111.	0.	
1941	50.	0.	
1941	0.	0.	
1941	0.	0.	
1942	0.	0.	
1942	0.	0.	
1942	3.	0.	
1942	44.	0.	
1942	97.	0.	
1942	331.	0.	
1942	189.	0.	
1942	121.	0.	
1942	116.	0.	
1942	52.	0.	
1942	1.	0.	
1942	0.	0.	
1943	0.	0.	
1943	0.	0.	
1943	3.	0.	
1943	44.	0.	
1943	97.	0.	
1943	217.	0.	
1943	189.	0.	
1943	121.	0.	
1943	111.	0.	
1943	58.	0.	
1943	1.	0.	
1943	0.	0.	
1944	0.	0.	
1944	0.	0.	
1944	3.	0.	
1944	52.	0.	
1944	97.	0.	
1944	331.	0.	
1944	189.	0.	
1944	121.	0.	
1944	116.	0.	
1944	52.	0.	
1944	1.	0.	
1944	0.	0.	
1945	0.	0.	
1945	0.	0.	
1945	3.	0.	
1945	52.	0.	
1945	97.	0.	
1945	217.	0.	
1945	246.	0.	
1945	83.	0.	
1945	111.	0.	
1945	25.	0.	
1945	0.	0.	
1945	0.	0.	
1946	0.	0.	
1946	0.	0.	
1946	0.	0.	
1946	44.	0.	
1946	97.	0.	
1946	217.	0.	
1946	189.	0.	
1946	121.	0.	
1946	111.	0.	
1946	52.	0.	
1946	0.	0.	
1946	0.	0.	
1947	0.	0.	
1947	0.	0.	
1947	3.	0.	
1947	52.	0.	
1947	201.	0.	
1947	331.	0.	
1947	246.	0.	
1947	83.	0.	
1947	227.	0.	
1947	50.	0.	
1947	0.	0.	
1947	0.	0.	
1948	0.	0.	
1948	0.	0.	
1948	3.	0.	
1948	44.	0.	
1948	201.	0.	
1948	217.	0.	
1948	189.	0.	
1948	121.	0.	
1948	111.	0.	
1948	52.	0.	
1948	1.	0.	
1948	0.	0.	
1949	0.	0.	
1949	0.	0.	
1949	3.	0.	
1949	44.	0.	
1949	201.	0.	
1949	331.	0.	
1949	246.	0.	
1949	121.	0.	
1949	111.	0.	
1949	52.	0.	
1949	1.	0.	
1949	0.	0.	
1950	0.	0.	
1950	0.	0.	
1950	3.	0.	
1950	52.	0.	
1950	106.	0.	
1950	217.	0.	
1950	185.	0.	
1950	133.	0.	
1950	111.	0.	
1950	133.	0.	
1950	1.	0.	
1950	0.	0.	
1951	0.	0.	
1951	0.	0.	
1951	3.	0.	
1951	52.	0.	
1951	100.	0.	
1951	217.	0.	
1951	189.	0.	
1951	121.	0.	
1951	121.	0.	
1951	52.	0.	
1951	1.	0.	
1951	0.	0.	
1952	0.	0.	
1952	0.	0.	
1952	3.	0.	
1952	39.	0.	
1952	201.	0.	
1952	217.	0.	
1952	189.	0.	
1952	121.	0.	
1952	227.	0.	
1952	83.	0.	
1952	1.	0.	
1952	0.	0.	
1953	0.	0.	
1953	0.	0.	
1953	3.	0.	
1953	17.	0.	
1953	82.	0.	
1953	217.	0.	
1953	189.	0.	
1953	121.	0.	
1953	111.	0.	
1953	58.	0.	
1953	1.	0.	
1953	0.	0.	
1954	0.	0.	
1954	0.	0.	
1954	0.	0.	
1954	67.	0.	
1954	100.	0.	
1954	196.	0.	
1954	185.	0.	
1954	133.	0.	
1954	119.	0.	
1954	58.	0.	
1954	10.	0.	
1954	0.	0.	
1955	0.	0.	
1955	0.	0.	
1955	0.	0.	
1955	52.	0.	
1955	82.	0.	
1955	194.	0.	
1955	181.	0.	
1955	121.	0.	
1955	119.	0.	
1955	58.	0.	
1955	1.	0.	
1955	0.	0.	
1956	0.	0.	
1956	0.	0.	
1956	3.	0.	
1956	52.	0.	
1956	100.	0.	
1956	208.	0.	
1956	181.	0.	
1956	121.	0.	
1956	119.	0.	
1956	58.	0.	
1956	10.	0.	
1956	0.	0.	
1957	0.	0.	
1957	0.	0.	
1957	0.	0.	
1957	52.	0.	
1957	82.	0.	
1957	217.	0.	
1957	189.	0.	
1957	121.	0.	
1957	105.	0.	
1957	52.	0.	
1957	1.	0.	
1957	0.	0.	
1958	0.	0.	
1958	0.	0.	
1958	3.	0.	
1958	52.	0.	
1958	106.	0.	
1958	217.	0.	
1958	181.	0.	
1958	133.	0.	
1958	119.	0.	
1958	58.	0.	
1958	1.	0.	
1958	0.	0.	
1959	0.	0.	
1959	0.	0.	
1959	0.	0.	
1959	52.	0.	
1959	97.	0.	
1959	217.	0.	
1959	181.	0.	
1959	121.	0.	
1959	119.	0.	
1959	52.	0.	
1959	1.	0.	
1959	0.	0.	
1960	0.	0.	
1960	0.	0.	
1960	0.	0.	
1960	52.	0.	
1960	94.	0.	
1960	217.	0.	
1960	181.	0.	
1960	133.	0.	
1960	119.	0.	
1960	58.	0.	
1960	1.	0.	
1960	0.	0.	
1961	0.	0.	
1961	0.	0.	
1961	0.	0.	
1961	17.	0.	
1961	97.	0.	
1961	208.	0.	
1961	181.	0.	
1961	133.	0.	
1961	93.	0.	
1961	0.	0.	
1961	0.	0.	
1961	0.	0.	
1962	0.	0.	
1962	0.	0.	
1962	0.	0.	
1962	56.	0.	
1962	97.	0.	
1962	217.	0.	
1962	189.	0.	
1962	121.	0.	
1962	105.	0.	
1962	58.	0.	
1962	10.	0.	
1962	0.	0.	
1963	0.	0.	
1963	0.	0.	
1963	3.	0.	
1963	33.	0.	
1963	103.	0.	
1963	196.	0.	
1963	185.	0.	
1963	133.	0.	
1963	119.	0.	
1963	100.	0.	
1963	10.	0.	
1963	0.	0.	
1964	0.	0.	
1964	0.	0.	
1964	0.	0.	
1964	17.	0.	
1964	115.	0.	
1964	196.	0.	
1964	188.	0.	
1964	133.	0.	
1964	126.	0.	
1964	67.	0.	
1964	0.	0.	
1964	0.	0.	
1965	0.	0.	
1965	0.	0.	
1965	0.	0.	
1965	0.	0.	
1965	100.	0.	
1965	387.	0.	
1965	400.	0.	
1965	400.	0.	
1965	248.	0.	
1965	83.	0.	
1965	0.	0.	
1965	0.	0.	
1966	0.	0.	
1966	0.	0.	
1966	0.	0.	
1966	44.	0.	
1966	112.	0.	
1966	220.	0.	
1966	185.	0.	
1966	448.	0.	
1966	121.	0.	
1966	42.	0.	
1966	10.	0.	
1966	0.	0.	
1967	0.	0.	
1967	0.	0.	
1967	3.	0.	
1967	56.	0.	
1967	94.	0.	
1967	217.	0.	
1967	189.	0.	
1967	133.	0.	
1967	119.	0.	
1967	67.	0.	
1967	0.	0.	
1967	0.	0.	
1968	0.	0.	
1968	0.	0.	
1968	0.	0.	
1968	0.	0.	
1968	79.	0.	
1968	220.	0.	
1968	185.	0.	
1968	79.	0.	
1968	357.	0.	
1968	369.	0.	
1968	0.	0.	
1968	0.	0.	
1969	0.	0.	
1969	0.	0.	
1969	0.	0.	
1969	78.	0.	
1969	121.	0.	
1969	446.	0.	
1969	461.	0.	
1969	354.	0.	
1969	116.	0.	
1969	0.	0.	
1969	0.	0.	
1969	0.	0.	
1970	0.	0.	
1970	0.	0.	
1970	0.	0.	
1970	0.	0.	
1970	115.	0.	
1970	348.	0.	
1970	400.	0.	
1970	400.	0.	
1970	95.	0.	
1970	0.	0.	
1970	0.	0.	
1970	0.	0.	
1971	0.	0.	
1971	0.	0.	
1971	0.	0.	
1971	33.	0.	
1971	94.	0.	
1971	220.	0.	
1971	200.	0.	
1971	107.	0.	
1971	79.	0.	
1971	17.	0.	
1971	0.	0.	
1971	0.	0.	
1972	0.	0.	
1972	0.	0.	
1972	0.	0.	
1972	56.	0.	
1972	100.	0.	
1972	417.	0.	
1972	430.	0.	
1972	430.	0.	
1972	100.	0.	
1972	25.	0.	
1972	1.	0.	
1972	0.	0.	
1973	0.	0.	
1973	0.	0.	
1973	0.	0.	
1973	17.	0.	
1973	85.	0.	
1973	217.	0.	
1973	246.	0.	
1973	121.	0.	
1973	132.	0.	
1973	83.	0.	
1973	1.	0.	
1973	0.	0.	
1974	0.	0.	
1974	0.	0.	
1974	0.	0.	
1974	52.	0.	
1974	103.	0.	
1974	217.	0.	
1974	189.	0.	
1974	121.	0.	
1974	121.	0.	
1974	67.	0.	
1974	0.	0.	
1974	0.	0.	
1975	0.	0.	
1975	0.	0.	
1975	0.	0.	
1975	0.	0.	
1975	85.	0.	
1975	188.	0.	
1975	196.	0.	
1975	90.	0.	
1975	132.	0.	
1975	25.	0.	
1975	0.	0.	
1975	0.	0.	
1976	0.	0.	
1976	0.	0.	
1976	0.	0.	
1976	56.	0.	
1976	82.	0.	
1976	196.	0.	
1976	192.	0.	
1976	93.	0.	
1976	100.	0.	
1976	25.	0.	
1976	0.	0.	
1976	0.	0.	
1977	0.	0.	
1977	0.	0.	
1977	0.	0.	
1977	89.	0.	
1977	103.	0.	
1977	240.	0.	
1977	188.	0.	
1977	62.	0.	
1977	126.	0.	
1977	58.	0.	
1977	0.	0.	
1977	0.	0.	
1978	0.	0.	
1978	0.	0.	
1978	0.	0.	
1978	67.	0.	
1978	103.	0.	
1978	208.	0.	
1978	185.	0.	
1978	86.	0.	
1978	111.	0.	
1978	67.	0.	
1978	0.	0.	
1978	0.	0.	
1979	0.	0.	
1979	0.	0.	
1979	0.	0.	
1979	0.	0.	
1979	94.	0.	
1979	176.	0.	
1979	192.	0.	
1979	79.	0.	
1979	147.	0.	
1979	92.	0.	
1979	0.	0.	
1979	0.	0.	
1980	0.	0.	
1980	0.	0.	
1980	0.	0.	
1980	22.	0.	
1980	91.	0.	
1980	236.	0.	
1980	181.	0.	
1980	90.	0.	
1980	116.	0.	
1980	58.	0.	
1980	0.	0.	
1980	0.	0.	
1981	0.	0.	
1981	0.	0.	
1981	0.	0.	
1981	78.	0.	
1981	79.	0.	
1981	216.	0.	
1981	177.	0.	
1981	86.	0.	
1981	137.	0.	
1981	50.	0.	
1981	0.	0.	
1981	0.	0.	
1982	0.	0.	
1982	0.	0.	
1982	0.	0.	
1982	0.	0.	
1982	97.	0.	
1982	214.	0.	
1982	315.	0.	
1982	122.	0.	
1982	74.	0.	
1982	50.	0.	
1982	0.	0.	
1982	0.	0.	
1983	0.	0.	
1983	0.	0.	
1983	0.	0.	
1983	0.	0.	
1983	71.	0.	
1983	258.	0.	
1983	215.	0.	
1983	86.	0.	
1983	116.	0.	
1983	75.	0.	
1983	0.	0.	
1983	0.	0.	
1984	0.	0.	
1984	0.	0.	
1984	0.	0.	
1984	11.	0.	
1984	115.	0.	
1984	242.	0.	
1984	235.	0.	
1984	62.	0.	
1984	111.	0.	
1984	17.	0.	
1984	0.	0.	
1984	0.	0.	
1985	0.	0.	
1985	0.	0.	
1985	0.	0.	
1985	78.	0.	
1985	103.	0.	
1985	270.	0.	
1985	163.	0.	
1985	100.	0.	
1985	100.	0.	
1985	17.	0.	
1985	0.	0.	
1985	0.	0.	
1986	0.	0.	
1986	0.	0.	
1986	0.	0.	
1986	56.	0.	
1986	85.	0.	
1986	216.	0.	
1986	162.	0.	
1986	97.	0.	
1986	105.	0.	
1986	33.	0.	
1986	0.	0.	
1986	0.	0.	
1987	0.	0.	
1987	0.	0.	
1987	0.	0.	
1987	78.	0.	
1987	208.	0.	
1987	553.	0.	
1987	288.	0.	
1987	79.	0.	
1987	132.	0.	
1987	67.	0.	
1987	0.	0.	
1987	0.	0.	
1988	0.	0.	
1988	0.	0.	
1988	0.	0.	
1988	67.	0.	
1988	100.	0.	
1988	339.	0.	
1988	257.	0.	
1988	97.	0.	
1988	105.	0.	
1988	83.	0.	
1988	0.	0.	
1988	0.	0.	
1989	0.	0.	
1989	0.	0.	
1989	0.	0.	
1989	67.	0.	
1989	312.	0.	
1989	421.	0.	
1989	185.	0.	
1989	86.	0.	
1989	154.	0.	
1989	58.	0.	
1989	0.	0.	
1989	0.	0.	
1990	0.	0.	
1990	0.	0.	
1990	0.	0.	
1990	100.	0.	
1990	192.	0.	
1990	447.	0.	
1990	273.	0.	
1990	107.	0.	
1990	126.	0.	
1990	58.	0.	
1990	0.	0.	
1990	0.	0.	
1991	0.	0.	
1991	0.	0.	
1991	0.	0.	
1991	22.	0.	
1991	106.	0.	
1991	357.	0.	
1991	295.	0.	
1991	76.	0.	
1991	159.	0.	
1991	89.	0.	
1991	0.	0.	
1991	0.	0.	
1992	0.	0.	
1992	0.	0.	
1992	0.	0.	
1992	78.	0.	
1992	94.	0.	
1992	470.	0.	
1992	173.	0.	
1992	90.	0.	
1992	132.	0.	
1992	75.	0.	
1992	0.	0.	
1992	0.	0.	
1993	0.	0.	
1993	0.	0.	
1993	0.	0.	
1993	22.	0.	
1993	100.	0.	
1993	332.	0.	
1993	188.	0.	
1993	97.	0.	
1993	84.	0.	
1993	25.	0.	
1993	0.	0.	
1993	0.	0.	
1994	0.	0.	
1994	0.	0.	
1994	0.	0.	
1994	67.	0.	
1994	124.	0.	
1994	208.	0.	
1994	212.	0.	
1994	79.	0.	
1994	288.	0.	
1994	58.	0.	
1994	0.	0.	
1994	0.	0.	
1995	0.	0.	
1995	0.	0.	
1995	0.	0.	
1995	0.	0.	
1995	50.	0.	
1995	202.	0.	
1995	162.	0.	
1995	110.	0.	
1995	100.	0.	
1995	33.	0.	
1995	0.	0.	
1995	0.	0.	
1996	0.	0.	
1996	0.	0.	
1996	0.	0.	
1996	56.	0.	
1996	118.	0.	
1996	357.	0.	
1996	200.	0.	
1996	103.	0.	
1996	89.	0.	
1996	42.	0.	
1996	0.	0.	
1996	0.	0.	
1997	0.	0.	
1997	0.	0.	
1997	0.	0.	
1997	0.	0.	
1997	91.	0.	
1997	325.	0.	
1997	196.	0.	
1997	59.	0.	
1997	68.	0.	
1997	58.	0.	
1997	0.	0.	
1997	0.	0.	
1998	0.	0.	
1998	0.	0.	
1998	0.	0.	
1998	22.	0.	
1998	109.	0.	
1998	204.	0.	
1998	173.	0.	
1998	90.	0.	
1998	137.	0.	
1998	50.	0.	
1998	0.	0.	
1998	0.	0.	
1999	0.	0.	
1999	0.	0.	
1999	0.	0.	
1999	0.	0.	
1999	85.	0.	
1999	196.	0.	
1999	200.	0.	
1999	100.	0.	
1999	190.	0.	
1999	42.	0.	
1999	0.	0.	
1999	0.	0.	
2000	0.	0.	
2000	0.	0.	
2000	0.	0.	
2000	44.	0.	
2000	112.	0.	
2000	200.	0.	
2000	200.	0.	
2000	128.	0.	
2000	321.	9.	
2000	321.	0.	
2000	0.	0.	
2000	0.	0.	
2001	0.	0.	
2001	0.	0.	
2001	0.	0.	
2001	78.	0.	
2001	106.	0.	
2001	228.	0.	
2001	200.	0.	
2001	100.	0.	
2001	184.	0.	
2001	111.	0.	
2001	0.	0.	
2001	0.	0.	
2002	0.	0.	
2002	0.	0.	
2002	0.	0.	
2002	78.	0.	
2002	103.	0.	
2002	248.	0.	
2002	212.	0.	
2002	97.	0.	
2002	100.	0.	
2002	33.	0.	
2002	0.	0.	
2002	0.	0.	
2003	0.	0.	
2003	0.	0.	
2003	0.	0.	
2003	56.	0.	
2003	100.	0.	
2003	180.	0.	
2003	208.	0.	
2003	76.	0.	
2003	293.	0.	
2003	117.	0.	
2003	0.	0.	
2003	0.	0.	
2004	0.	0.	
2004	0.	0.	
2004	36.	0.	
2004	91.	0.	
2004	148.	0.	
2004	176.	0.	
2004	169.	0.	
2004	123.	0.	
2004	140.	0.	
2004	144.	0.	
2004	0.	0.	
2004	0.	0.	
2005	0.	0.	
2005	0.	0.	
2005	0.	0.	
2005	56.	0.	
2005	112.	0.	
2005	184.	0.	
2005	192.	0.	
2005	79.	0.	
2005	217.	0.	
2005	309.	0.	
2005	0.	0.	
2005	0.	0.	
2006	0.	0.	
2006	0.	0.	
2006	0.	0.	
2006	78.	0.	
2006	111.	0.	
2006	249.	0.	
2006	219.	0.	
2006	111.	0.	
2006	206.	0.	
2006	67.	0.	
2006	0.	0.	
2006	0.	0.	
2007	0.	0.	
2007	0.	0.	
2007	0.	0.	
2007	67.	0.	
2007	123.	0.	
2007	224.	0.	
2007	452.	0.	
2007	460.	137.	
2007	139.	0.	
2007	58.	0.	
2007	0.	0.	
2007	0.	0.	
2008	0.	0.	
2008	0.	0.	
2008	0.	0.	
2008	0.	0.	
2008	123.	0.	
2008	216.	0.	
2008	213.	0.	
2008	90.	0.	
2008	298.	0.	
2008	258.	0.	
2008	0.	0.	
2008	0.	0.	
2009	0.	0.	
2009	0.	0.	
2009	17.	0.	
2009	699.	0.	
2009	1061.	77.	
2009	1023.	71.	
2009	1043.	59.	
2009	531.	0.	
2009	282.	0.	
2009	33.	0.	
2009	0.	0.	
2009	0.	0.	
2010	0.	0.	
2010	0.	0.	
2010	0.	0.	
2010	382.	0.	
2010	356.	33.	
2010	204.	0.	
2010	458.	0.	
2010	422.	0.	
2010	390.	0.	
2010	406.	0.	
2010	0.	0.	
2010	0.	0.	
2011	0.	0.	
2011	0.	0.	
2011	0.	0.	
2011	196.	0.	
2011	402.	0.	
2011	425.	0.	
2011	422.	0.	
2011	153.	0.	
2011	127.	0.	
2011	115.	0.	
2011	29.	0.	
2011	0.	0.	
2012	0.	0.	
2012	0.	0.	
2012	0.	0.	
2012	78.	0.	
2012	103.	0.	
2012	252.	0.	
2012	613.	290.	
2012	788.	0.	
2012	532.	220.	
2012	125.	0.	
2012	209.	0.	
2012	0.	0.	
2013	0.	0.	
2013	0.	0.	
2013	0.	0.	
2013	179.	0.	
2013	314.	0.	
2013	244.	0.	
2013	547.	224.	
2013	476.	153.	
2013	365.	0.	
