1908	213.	0.	
1908	21.	0.	
1908	0.	0.	
1909	0.	0.	
1909	0.	0.	
1909	4.	0.	
1909	56.	0.	
1909	235.	0.	
1909	224.	0.	
1909	247.	0.	
1909	254.	0.	
1909	206.	0.	
1909	144.	0.	
1909	0.	0.	
1909	0.	0.	
1910	0.	0.	
1910	0.	0.	
1910	4.	0.	
1910	56.	0.	
1910	235.	0.	
1910	234.	0.	
1910	262.	0.	
1910	241.	0.	
1910	221.	0.	
1910	144.	0.	
1910	21.	0.	
1910	0.	0.	
1911	0.	0.	
1911	0.	0.	
1911	4.	0.	
1911	53.	0.	
1911	265.	0.	
1911	234.	0.	
1911	262.	0.	
1911	241.	0.	
1911	227.	0.	
1911	154.	0.	
1911	16.	0.	
1911	0.	0.	
1912	0.	0.	
1912	0.	0.	
1912	4.	0.	
1912	56.	0.	
1912	265.	0.	
1912	224.	0.	
1912	247.	0.	
1912	254.	0.	
1912	206.	0.	
1912	154.	0.	
1912	16.	0.	
1912	17.	0.	
1913	0.	0.	
1913	0.	0.	
1913	4.	0.	
1913	53.	0.	
1913	265.	0.	
1913	234.	0.	
1913	262.	0.	
1913	241.	0.	
1913	221.	0.	
1913	144.	0.	
1913	0.	0.	
1913	0.	0.	
1914	0.	0.	
1914	0.	0.	
1914	4.	0.	
1914	53.	0.	
1914	265.	0.	
1914	224.	0.	
1914	247.	0.	
1914	254.	0.	
1914	221.	0.	
1914	144.	0.	
1914	0.	0.	
1914	0.	0.	
1915	0.	0.	
1915	0.	0.	
1915	4.	0.	
1915	56.	0.	
1915	229.	0.	
1915	234.	0.	
1915	262.	0.	
1915	246.	0.	
1915	227.	0.	
1915	213.	0.	
1915	21.	0.	
1915	0.	0.	
1916	0.	0.	
1916	0.	0.	
1916	4.	0.	
1916	53.	0.	
1916	235.	0.	
1916	224.	0.	
1916	247.	0.	
1916	254.	0.	
1916	206.	0.	
1916	154.	0.	
1916	0.	0.	
1916	17.	0.	
1917	5.	0.	
1917	0.	0.	
1917	4.	0.	
1917	56.	0.	
1917	235.	0.	
1917	224.	0.	
1917	247.	0.	
1917	254.	0.	
1917	206.	0.	
1917	144.	0.	
1917	0.	0.	
1917	0.	0.	
1918	0.	0.	
1918	0.	0.	
1918	4.	0.	
1918	56.	0.	
1918	265.	0.	
1918	224.	0.	
1918	262.	0.	
1918	241.	0.	
1918	206.	0.	
1918	154.	0.	
1918	16.	0.	
1918	17.	0.	
1919	5.	0.	
1919	0.	0.	
1919	4.	0.	
1919	53.	0.	
1919	265.	0.	
1919	234.	0.	
1919	262.	0.	
1919	241.	0.	
1919	221.	0.	
1919	144.	0.	
1919	0.	0.	
1919	0.	0.	
1920	5.	0.	
1920	0.	0.	
1920	4.	0.	
1920	85.	0.	
1920	265.	0.	
1920	224.	0.	
1920	247.	0.	
1920	254.	0.	
1920	221.	0.	
1920	144.	0.	
1920	0.	0.	
1920	0.	0.	
1921	0.	0.	
1921	0.	0.	
1921	4.	0.	
1921	56.	0.	
1921	235.	0.	
1921	224.	0.	
1921	247.	0.	
1921	254.	0.	
1921	206.	0.	
1921	144.	0.	
1921	0.	0.	
1921	0.	0.	
1922	0.	0.	
1922	0.	0.	
1922	4.	0.	
1922	56.	0.	
1922	265.	0.	
1922	234.	0.	
1922	262.	0.	
1922	241.	0.	
1922	221.	0.	
1922	144.	0.	
1922	0.	0.	
1922	17.	0.	
1923	0.	0.	
1923	0.	0.	
1923	4.	0.	
1923	56.	0.	
1923	265.	0.	
1923	224.	0.	
1923	247.	0.	
1923	254.	0.	
1923	206.	0.	
1923	144.	0.	
1923	0.	0.	
1923	0.	0.	
1924	5.	0.	
1924	0.	0.	
1924	4.	0.	
1924	56.	0.	
1924	235.	0.	
1924	224.	0.	
1924	262.	0.	
1924	246.	0.	
1924	221.	0.	
1924	144.	0.	
1924	0.	0.	
1924	0.	0.	
1925	0.	0.	
1925	0.	0.	
1925	4.	0.	
1925	53.	0.	
1925	235.	0.	
1925	234.	0.	
1925	262.	0.	
1925	254.	0.	
1925	206.	0.	
1925	154.	0.	
1925	16.	0.	
1925	0.	0.	
1926	0.	0.	
1926	0.	0.	
1926	4.	0.	
1926	56.	0.	
1926	235.	0.	
1926	234.	0.	
1926	262.	0.	
1926	241.	0.	
1926	221.	0.	
1926	144.	0.	
1926	0.	0.	
1926	0.	0.	
1927	0.	0.	
1927	0.	0.	
1927	4.	0.	
1927	56.	0.	
1927	265.	0.	
1927	224.	0.	
1927	262.	0.	
1927	254.	0.	
1927	206.	0.	
1927	154.	0.	
1927	16.	0.	
1927	17.	0.	
1928	0.	0.	
1928	0.	0.	
1928	4.	0.	
1928	56.	0.	
1928	265.	0.	
1928	234.	0.	
1928	262.	0.	
1928	241.	0.	
1928	221.	0.	
1928	144.	0.	
1928	0.	0.	
1928	0.	0.	
1929	0.	0.	
1929	0.	0.	
1929	4.	0.	
1929	56.	0.	
1929	265.	0.	
1929	224.	0.	
1929	262.	0.	
1929	254.	0.	
1929	206.	0.	
1929	154.	0.	
1929	16.	0.	
1929	0.	0.	
1930	0.	0.	
1930	0.	0.	
1930	4.	0.	
1930	53.	0.	
1930	235.	0.	
1930	234.	0.	
1930	262.	0.	
1930	254.	0.	
1930	221.	0.	
1930	144.	0.	
1930	21.	0.	
1930	0.	0.	
1931	0.	0.	
1931	0.	0.	
1931	0.	0.	
1931	85.	0.	
1931	229.	0.	
1931	250.	0.	
1931	257.	0.	
1931	246.	0.	
1931	227.	0.	
1931	144.	0.	
1931	21.	0.	
1931	0.	0.	
1932	0.	0.	
1932	0.	0.	
1932	4.	0.	
1932	53.	0.	
1932	265.	0.	
1932	224.	0.	
1932	247.	0.	
1932	254.	0.	
1932	221.	0.	
1932	144.	0.	
1932	0.	0.	
1932	0.	0.	
1933	5.	0.	
1933	0.	0.	
1933	4.	0.	
1933	85.	0.	
1933	235.	0.	
1933	224.	0.	
1933	262.	0.	
1933	241.	0.	
1933	221.	0.	
1933	213.	0.	
1933	21.	0.	
1933	0.	0.	
1934	0.	0.	
1934	0.	0.	
1934	0.	0.	
1934	56.	0.	
1934	235.	0.	
1934	250.	0.	
1934	257.	0.	
1934	246.	0.	
1934	227.	0.	
1934	213.	0.	
1934	21.	0.	
1934	0.	0.	
1935	0.	0.	
1935	0.	0.	
1935	0.	0.	
1935	85.	0.	
1935	229.	0.	
1935	224.	0.	
1935	262.	0.	
1935	241.	0.	
1935	221.	0.	
1935	144.	0.	
1935	21.	0.	
1935	0.	0.	
1936	0.	0.	
1936	0.	0.	
1936	4.	0.	
1936	53.	0.	
1936	265.	0.	
1936	234.	0.	
1936	262.	0.	
1936	241.	0.	
1936	221.	0.	
1936	144.	0.	
1936	21.	0.	
1936	0.	0.	
1937	0.	0.	
1937	0.	0.	
1937	0.	0.	
1937	56.	0.	
1937	265.	0.	
1937	234.	0.	
1937	262.	0.	
1937	246.	0.	
1937	221.	0.	
1937	144.	0.	
1937	21.	0.	
1937	0.	0.	
1938	0.	0.	
1938	0.	0.	
1938	4.	0.	
1938	53.	0.	
1938	265.	0.	
1938	224.	0.	
1938	247.	0.	
1938	241.	0.	
1938	206.	0.	
1938	144.	0.	
1938	0.	0.	
1938	0.	0.	
1939	0.	0.	
1939	0.	0.	
1939	4.	0.	
1939	56.	0.	
1939	265.	0.	
1939	234.	0.	
1939	257.	0.	
1939	246.	0.	
1939	221.	0.	
1939	213.	0.	
1939	21.	0.	
1939	0.	0.	
1940	0.	0.	
1940	0.	0.	
1940	0.	0.	
1940	56.	0.	
1940	235.	0.	
1940	250.	0.	
1940	257.	0.	
1940	246.	0.	
1940	221.	0.	
1940	144.	0.	
1940	21.	0.	
1940	0.	0.	
1941	0.	0.	
1941	0.	0.	
1941	0.	0.	
1941	85.	0.	
1941	265.	0.	
1941	234.	0.	
1941	262.	0.	
1941	241.	0.	
1941	221.	0.	
1941	154.	0.	
1941	0.	0.	
1941	0.	0.	
1942	0.	0.	
1942	0.	0.	
1942	0.	0.	
1942	53.	0.	
1942	235.	0.	
1942	224.	0.	
1942	262.	0.	
1942	241.	0.	
1942	227.	0.	
1942	213.	0.	
1942	21.	0.	
1942	0.	0.	
1943	0.	0.	
1943	0.	0.	
1943	4.	0.	
1943	53.	0.	
1943	235.	0.	
1943	234.	0.	
1943	262.	0.	
1943	254.	0.	
1943	221.	0.	
1943	213.	0.	
1943	0.	0.	
1943	0.	0.	
1944	0.	0.	
1944	0.	0.	
1944	0.	0.	
1944	85.	0.	
1944	235.	0.	
1944	234.	0.	
1944	262.	0.	
1944	241.	0.	
1944	227.	0.	
1944	213.	0.	
1944	21.	0.	
1944	0.	0.	
1945	0.	0.	
1945	0.	0.	
1945	0.	0.	
1945	85.	0.	
1945	235.	0.	
1945	234.	0.	
1945	247.	0.	
1945	254.	0.	
1945	221.	0.	
1945	144.	0.	
1945	0.	0.	
1945	0.	0.	
1946	0.	0.	
1946	0.	0.	
1946	4.	0.	
1946	53.	0.	
1946	229.	0.	
1946	234.	0.	
1946	262.	0.	
1946	241.	0.	
1946	227.	0.	
1946	144.	0.	
1946	21.	0.	
1946	0.	0.	
1947	0.	0.	
1947	0.	0.	
1947	4.	0.	
1947	56.	0.	
1947	265.	0.	
1947	224.	0.	
1947	247.	0.	
1947	254.	0.	
1947	206.	0.	
1947	154.	0.	
1947	16.	0.	
1947	0.	0.	
1948	0.	0.	
1948	0.	0.	
1948	4.	0.	
1948	53.	0.	
1948	265.	0.	
1948	234.	0.	
1948	262.	0.	
1948	241.	0.	
1948	227.	0.	
1948	144.	0.	
1948	0.	0.	
1948	0.	0.	
1949	0.	0.	
1949	0.	0.	
1949	4.	0.	
1949	56.	0.	
1949	235.	0.	
1949	234.	0.	
1949	247.	0.	
1949	241.	0.	
1949	221.	0.	
1949	144.	0.	
1949	0.	0.	
1949	0.	0.	
1950	0.	0.	
1950	0.	0.	
1950	0.	0.	
1950	53.	0.	
1950	235.	0.	
1950	240.	0.	
1950	262.	0.	
1950	246.	0.	
1950	217.	0.	
1950	250.	0.	
1950	0.	0.	
1950	0.	0.	
1951	0.	0.	
1951	0.	0.	
1951	0.	0.	
1951	59.	0.	
1951	261.	0.	
1951	234.	0.	
1951	266.	0.	
1951	241.	0.	
1951	233.	0.	
1951	175.	0.	
1951	0.	0.	
1951	0.	0.	
1952	0.	0.	
1952	0.	0.	
1952	0.	0.	
1952	78.	0.	
1952	255.	0.	
1952	244.	0.	
1952	262.	0.	
1952	254.	0.	
1952	273.	0.	
1952	225.	0.	
1952	0.	0.	
1952	0.	0.	
1953	0.	0.	
1953	0.	0.	
1953	0.	0.	
1953	85.	0.	
1953	229.	0.	
1953	246.	0.	
1953	262.	0.	
1953	241.	0.	
1953	263.	0.	
1953	164.	0.	
1953	0.	0.	
1953	0.	0.	
1954	0.	0.	
1954	0.	0.	
1954	0.	0.	
1954	119.	0.	
1954	274.	0.	
1954	250.	0.	
1954	264.	0.	
1954	246.	0.	
1954	205.	0.	
1954	144.	0.	
1954	21.	0.	
1954	0.	0.	
1955	0.	0.	
1955	0.	0.	
1955	0.	0.	
1955	53.	0.	
1955	234.	0.	
1955	250.	0.	
1955	262.	0.	
1955	241.	0.	
1955	240.	0.	
1955	164.	0.	
1955	21.	0.	
1955	0.	0.	
1956	0.	0.	
1956	0.	0.	
1956	0.	0.	
1956	53.	0.	
1956	303.	0.	
1956	269.	0.	
1956	243.	0.	
1956	246.	0.	
1956	220.	0.	
1956	164.	0.	
1956	21.	0.	
1956	0.	0.	
1957	0.	0.	
1957	0.	0.	
1957	0.	0.	
1957	53.	0.	
1957	234.	0.	
1957	224.	0.	
1957	247.	0.	
1957	254.	0.	
1957	206.	0.	
1957	144.	0.	
1957	0.	0.	
1957	17.	0.	
1958	5.	0.	
1958	0.	0.	
1958	0.	0.	
1958	85.	0.	
1958	297.	0.	
1958	260.	0.	
1958	243.	0.	
1958	293.	0.	
1958	213.	0.	
1958	438.	29.	
1958	0.	0.	
1958	0.	0.	
1959	0.	0.	
1959	0.	0.	
1959	0.	0.	
1959	85.	0.	
1959	268.	0.	
1959	234.	0.	
1959	249.	0.	
1959	241.	0.	
1959	205.	0.	
1959	144.	0.	
1959	0.	0.	
1959	0.	0.	
1960	0.	0.	
1960	0.	0.	
1960	0.	0.	
1960	47.	0.	
1960	234.	0.	
1960	240.	0.	
1960	262.	0.	
1960	246.	0.	
1960	253.	0.	
1960	338.	0.	
1960	21.	0.	
1960	0.	0.	
1961	0.	0.	
1961	0.	0.	
1961	0.	0.	
1961	85.	0.	
1961	245.	0.	
1961	256.	0.	
1961	260.	0.	
1961	246.	0.	
1961	206.	0.	
1961	154.	0.	
1961	0.	0.	
1961	0.	0.	
1962	0.	0.	
1962	0.	0.	
1962	0.	0.	
1962	47.	0.	
1962	239.	0.	
1962	234.	0.	
1962	247.	0.	
1962	244.	0.	
1962	227.	0.	
1962	163.	0.	
1962	0.	0.	
1962	0.	0.	
1963	0.	0.	
1963	0.	0.	
1963	0.	0.	
1963	85.	0.	
1963	290.	0.	
1963	250.	0.	
1963	272.	0.	
1963	246.	0.	
1963	233.	0.	
1963	275.	0.	
1963	21.	0.	
1963	0.	0.	
1964	0.	0.	
1964	0.	0.	
1964	0.	0.	
1964	85.	0.	
1964	234.	0.	
1964	234.	0.	
1964	272.	0.	
1964	241.	0.	
1964	220.	0.	
1964	164.	0.	
1964	21.	0.	
1964	0.	0.	
1965	0.	0.	
1965	0.	0.	
1965	0.	0.	
1965	53.	0.	
1965	248.	0.	
1965	224.	0.	
1965	247.	0.	
1965	254.	0.	
1965	206.	0.	
1965	175.	0.	
1965	16.	0.	
1965	0.	0.	
1966	0.	0.	
1966	0.	0.	
1966	0.	0.	
1966	56.	0.	
1966	248.	0.	
1966	254.	0.	
1966	285.	0.	
1966	258.	0.	
1966	263.	0.	
1966	164.	0.	
1966	21.	0.	
1966	0.	0.	
1967	0.	0.	
1967	0.	0.	
1967	4.	0.	
1967	85.	0.	
1967	234.	0.	
1967	234.	0.	
1967	262.	0.	
1967	242.	0.	
1967	223.	0.	
1967	350.	0.	
1967	21.	0.	
1967	0.	0.	
1968	0.	0.	
1968	0.	0.	
1968	0.	0.	
1968	85.	0.	
1968	229.	0.	
1968	263.	0.	
1968	262.	0.	
1968	254.	0.	
1968	221.	0.	
1968	144.	0.	
1968	0.	0.	
1968	0.	0.	
1969	0.	0.	
1969	0.	0.	
1969	0.	0.	
1969	103.	0.	
1969	313.	0.	
1969	250.	0.	
1969	266.	0.	
1969	247.	0.	
1969	221.	0.	
1969	154.	0.	
1969	0.	0.	
1969	0.	0.	
1970	0.	0.	
1970	0.	0.	
1970	0.	0.	
1970	53.	0.	
1970	281.	0.	
1970	234.	0.	
1970	262.	0.	
1970	253.	0.	
1970	206.	0.	
1970	154.	0.	
1970	16.	0.	
1970	17.	0.	
1971	5.	0.	
1971	0.	0.	
1971	4.	0.	
1971	47.	0.	
1971	234.	0.	
1971	254.	0.	
1971	262.	0.	
1971	253.	0.	
1971	221.	0.	
1971	144.	0.	
1971	16.	0.	
1971	17.	0.	
1972	5.	0.	
1972	0.	0.	
1972	4.	0.	
1972	53.	0.	
1972	229.	0.	
1972	246.	0.	
1972	262.	0.	
1972	251.	0.	
1972	221.	0.	
1972	154.	0.	
1972	16.	0.	
1972	17.	0.	
1973	5.	0.	
1973	0.	0.	
1973	4.	0.	
1973	85.	0.	
1973	234.	0.	
1973	234.	0.	
1973	247.	0.	
1973	241.	0.	
1973	221.	0.	
1973	144.	0.	
1973	16.	0.	
1973	17.	0.	
1974	5.	0.	
1974	0.	0.	
1974	4.	0.	
1974	53.	0.	
1974	300.	0.	
1974	246.	0.	
1974	262.	0.	
1974	241.	0.	
1974	233.	0.	
1974	163.	0.	
1974	0.	0.	
1974	17.	0.	
1975	5.	0.	
1975	0.	0.	
1975	4.	0.	
1975	85.	0.	
1975	229.	0.	
1975	234.	0.	
1975	255.	0.	
1975	251.	0.	
1975	221.	0.	
1975	144.	0.	
1975	0.	0.	
1975	17.	0.	
1976	5.	0.	
1976	0.	0.	
1976	0.	0.	
1976	53.	0.	
1976	229.	0.	
1976	250.	0.	
1976	272.	0.	
1976	241.	0.	
1976	221.	0.	
1976	163.	0.	
1976	0.	0.	
1976	0.	0.	
1977	0.	0.	
1977	0.	0.	
1977	0.	0.	
1977	109.	0.	
1977	258.	0.	
1977	288.	0.	
1977	268.	0.	
1977	246.	0.	
1977	233.	0.	
1977	164.	0.	
1977	21.	0.	
1977	0.	0.	
1978	0.	0.	
1978	0.	0.	
1978	4.	0.	
1978	69.	0.	
1978	235.	0.	
1978	242.	0.	
1978	270.	0.	
1978	241.	0.	
1978	205.	0.	
1978	164.	0.	
1978	0.	0.	
1978	17.	0.	
1979	0.	0.	
1979	0.	0.	
1979	4.	0.	
1979	53.	0.	
1979	234.	0.	
1979	234.	0.	
1979	247.	0.	
1979	241.	0.	
1979	260.	0.	
1979	175.	0.	
1979	16.	0.	
1979	17.	0.	
1980	5.	0.	
1980	0.	0.	
1980	4.	0.	
1980	53.	0.	
1980	234.	0.	
1980	256.	0.	
1980	262.	0.	
1980	241.	0.	
1980	253.	0.	
1980	144.	0.	
1980	0.	0.	
1980	0.	0.	
1981	0.	0.	
1981	0.	0.	
1981	0.	0.	
1981	125.	0.	
1981	229.	0.	
1981	250.	0.	
1981	243.	0.	
1981	246.	0.	
1981	287.	0.	
1981	144.	0.	
1981	0.	0.	
1981	17.	0.	
1982	5.	0.	
1982	0.	0.	
1982	4.	0.	
1982	53.	0.	
1982	234.	0.	
1982	234.	0.	
1982	260.	0.	
1982	269.	0.	
1982	206.	0.	
1982	154.	0.	
1982	16.	0.	
1982	17.	0.	
1983	5.	0.	
1983	0.	0.	
1983	0.	0.	
1983	85.	0.	
1983	229.	0.	
1983	224.	0.	
1983	247.	0.	
1983	256.	0.	
1983	221.	0.	
1983	154.	0.	
1983	0.	0.	
1983	0.	0.	
1984	0.	0.	
1984	0.	0.	
1984	24.	0.	
1984	60.	0.	
1984	261.	0.	
1984	140.	0.	
1984	226.	0.	
1984	207.	0.	
1984	197.	0.	
1984	123.	0.	
1984	60.	0.	
1984	34.	0.	
1985	0.	0.	
1985	0.	0.	
1985	24.	0.	
1985	60.	0.	
1985	232.	0.	
1985	254.	0.	
1985	246.	0.	
1985	280.	0.	
1985	238.	0.	
1985	246.	0.	
1985	0.	0.	
1985	0.	0.	
1986	0.	0.	
1986	0.	0.	
1986	12.	0.	
1986	50.	0.	
1986	229.	0.	
1986	269.	0.	
1986	246.	0.	
1986	246.	0.	
1986	175.	0.	
1986	113.	0.	
1986	0.	0.	
1986	0.	0.	
1987	0.	0.	
1987	0.	0.	
1987	0.	0.	
1987	106.	0.	
1987	245.	0.	
1987	250.	0.	
1987	264.	0.	
1987	229.	0.	
1987	263.	0.	
1987	338.	0.	
1987	0.	0.	
1987	0.	0.	
1988	0.	0.	
1988	0.	0.	
1988	0.	0.	
1988	84.	0.	
1988	258.	0.	
1988	260.	0.	
1988	264.	0.	
1988	264.	0.	
1988	258.	0.	
1988	675.	266.	
1988	0.	0.	
1988	0.	0.	
1989	0.	0.	
1989	0.	0.	
1989	8.	0.	
1989	144.	0.	
1989	320.	0.	
1989	350.	0.	
1989	291.	0.	
1989	253.	0.	
1989	247.	0.	
1989	300.	0.	
1989	0.	0.	
1989	0.	0.	
1990	0.	0.	
1990	0.	0.	
1990	8.	0.	
1990	213.	0.	
1990	249.	0.	
1990	263.	0.	
1990	243.	0.	
1990	269.	0.	
1990	290.	0.	
1990	175.	0.	
1990	0.	0.	
1990	0.	0.	
1991	0.	0.	
1991	0.	0.	
1991	0.	0.	
1991	37.	0.	
1991	271.	0.	
1991	238.	0.	
1991	246.	0.	
1991	246.	0.	
1991	238.	0.	
1991	116.	0.	
1991	0.	0.	
1991	0.	0.	
1992	0.	0.	
1992	0.	0.	
1992	8.	0.	
1992	184.	0.	
1992	229.	0.	
1992	244.	0.	
1992	248.	0.	
1992	246.	0.	
1992	238.	0.	
1992	204.	0.	
1992	0.	0.	
1992	0.	0.	
1993	0.	0.	
1993	0.	0.	
1993	12.	0.	
1993	61.	0.	
1993	226.	0.	
1993	240.	0.	
1993	297.	0.	
1993	309.	0.	
1993	254.	0.	
1993	125.	0.	
1993	0.	0.	
1993	0.	0.	
1994	0.	0.	
1994	0.	0.	
1994	4.	0.	
1994	69.	0.	
1994	294.	0.	
1994	277.	0.	
1994	291.	0.	
1994	277.	0.	
1994	268.	0.	
1994	288.	0.	
1994	0.	0.	
1994	0.	0.	
1995	0.	0.	
1995	0.	0.	
1995	0.	0.	
1995	14.	0.	
1995	185.	0.	
1995	214.	0.	
1995	283.	0.	
1995	283.	0.	
1995	274.	0.	
1995	283.	0.	
1995	0.	0.	
1995	0.	0.	
1996	0.	0.	
1996	0.	0.	
1996	0.	0.	
1996	144.	0.	
1996	281.	0.	
1996	312.	0.	
1996	348.	0.	
1996	342.	0.	
1996	205.	0.	
1996	168.	0.	
1996	0.	0.	
1996	0.	0.	
1997	0.	0.	
1997	0.	0.	
1997	0.	0.	
1997	22.	0.	
1997	242.	0.	
1997	333.	0.	
1997	315.	0.	
1997	281.	0.	
1997	217.	0.	
1997	125.	0.	
1997	0.	0.	
1997	0.	0.	
1998	0.	0.	
1998	0.	0.	
1998	0.	0.	
1998	41.	0.	
1998	331.	0.	
1998	331.	0.	
1998	318.	0.	
1998	280.	0.	
1998	273.	0.	
1998	160.	0.	
1998	60.	0.	
1998	6.	0.	
1999	0.	0.	
1999	0.	0.	
1999	0.	0.	
1999	46.	0.	
1999	184.	0.	
1999	235.	0.	
1999	287.	0.	
1999	249.	0.	
1999	223.	0.	
1999	200.	0.	
1999	0.	0.	
1999	0.	0.	
2000	0.	0.	
2000	0.	0.	
2000	4.	0.	
2000	147.	0.	
2000	310.	0.	
2000	298.	0.	
2000	291.	0.	
2000	271.	0.	
2000	238.	0.	
2000	246.	0.	
2000	0.	0.	
2000	0.	0.	
2001	0.	0.	
2001	0.	0.	
2001	4.	0.	
2001	106.	0.	
2001	258.	0.	
2001	252.	0.	
2001	249.	0.	
2001	246.	0.	
2001	240.	0.	
2001	246.	0.	
2001	0.	0.	
2001	0.	0.	
2002	0.	0.	
2002	0.	0.	
2002	0.	0.	
2002	103.	0.	
2002	246.	0.	
2002	265.	0.	
2002	268.	66.	
2002	246.	0.	
2002	238.	0.	
2002	121.	0.	
2002	0.	0.	
2002	0.	0.	
2003	0.	0.	
2003	0.	0.	
2003	4.	0.	
2003	131.	0.	
2003	261.	0.	
2003	269.	0.	
2003	325.	0.	
2003	282.	0.	
2003	238.	0.	
2003	263.	0.	
2003	0.	0.	
2003	0.	0.	
2004	0.	0.	
2004	0.	0.	
2004	28.	0.	
2004	125.	0.	
2004	255.	0.	
2004	242.	0.	
2004	260.	0.	
2004	246.	0.	
2004	238.	0.	
2004	180.	0.	
2004	0.	0.	
2004	0.	0.	
2005	0.	0.	
2005	0.	0.	
2005	0.	0.	
2005	38.	0.	
2005	246.	0.	
2005	238.	0.	
2005	257.	0.	
2005	246.	0.	
2005	238.	0.	
2005	246.	0.	
2005	0.	0.	
2005	0.	0.	
2006	0.	0.	
2006	0.	0.	
2006	0.	0.	
2006	88.	0.	
2006	268.	0.	
2006	265.	0.	
2006	255.	0.	
2006	246.	0.	
2006	194.	0.	
2006	100.	0.	
2006	0.	0.	
2006	0.	0.	
2007	0.	0.	
2007	0.	0.	
2007	0.	0.	
2007	78.	0.	
2007	245.	0.	
2007	260.	0.	
2007	274.	0.	
2007	251.	0.	
2007	214.	0.	
2007	163.	0.	
2007	0.	0.	
2007	0.	0.	
2008	0.	0.	
2008	0.	0.	
2008	0.	0.	
2008	6.	0.	
2008	213.	0.	
2008	233.	0.	
2008	258.	0.	
2008	280.	0.	
2008	217.	0.	
2008	113.	0.	
2008	0.	0.	
2008	0.	0.	
2009	0.	0.	
2009	0.	0.	
2009	0.	0.	
2009	56.	0.	
2009	303.	0.	
2009	244.	0.	
2009	285.	0.	
2009	267.	0.	
2009	273.	0.	
2009	100.	0.	
2009	0.	0.	
2009	0.	0.	
2010	0.	0.	
2010	0.	0.	
2010	0.	0.	
2010	92.	0.	
2010	214.	0.	
2010	235.	0.	
2010	249.	0.	
2010	217.	0.	
2010	213.	0.	
2010	225.	0.	
2010	0.	0.	
2010	0.	0.	
2011	0.	0.	
2011	0.	0.	
2011	0.	0.	
2011	38.	0.	
2011	187.	0.	
2011	225.	0.	
2011	276.	0.	
2011	227.	0.	
2011	237.	0.	
2011	107.	0.	
2011	90.	0.	
2011	154.	0.	
2012	59.	0.	
2012	0.	0.	
2012	0.	0.	
2012	182.	0.	
2012	281.	0.	
2012	275.	0.	
2012	249.	0.	
2012	240.	0.	
2012	233.	0.	
2012	163.	0.	
2012	42.	0.	
2012	0.	0.	
2013	0.	0.	
2013	0.	0.	
2013	0.	0.	
2013	14.	0.	
2013	194.	0.	
2013	260.	0.	
2013	272.	0.	
2013	253.	0.	
2013	212.	0.	
