1908	98.	0.	
1908	0.	0.	
1908	0.	0.	
1909	0.	0.	
1909	0.	0.	
1909	0.	0.	
1909	2.	0.	
1909	633.	0.	
1909	4423.	1668.	
1909	3194.	347.	
1909	687.	0.	
1909	333.	0.	
1909	98.	0.	
1909	0.	0.	
1909	0.	0.	
1910	0.	0.	
1910	0.	0.	
1910	0.	0.	
1910	36.	0.	
1910	672.	0.	
1910	2925.	170.	
1910	2009.	0.	
1910	412.	0.	
1910	325.	0.	
1910	82.	0.	
1910	0.	0.	
1910	0.	0.	
1911	0.	0.	
1911	0.	0.	
1911	0.	0.	
1911	36.	0.	
1911	633.	0.	
1911	4423.	1668.	
1911	3194.	347.	
1911	687.	0.	
1911	333.	0.	
1911	82.	0.	
1911	0.	0.	
1911	0.	0.	
1912	0.	0.	
1912	0.	0.	
1912	0.	0.	
1912	36.	0.	
1912	633.	0.	
1912	4423.	1668.	
1912	3194.	347.	
1912	687.	0.	
1912	333.	0.	
1912	98.	0.	
1912	0.	0.	
1912	0.	0.	
1913	0.	0.	
1913	0.	0.	
1913	0.	0.	
1913	36.	0.	
1913	672.	0.	
1913	2925.	170.	
1913	2009.	0.	
1913	412.	0.	
1913	325.	0.	
1913	82.	0.	
1913	0.	0.	
1913	0.	0.	
1914	0.	0.	
1914	0.	0.	
1914	0.	0.	
1914	2.	0.	
1914	633.	0.	
1914	4423.	1668.	
1914	3194.	347.	
1914	687.	0.	
1914	333.	0.	
1914	82.	0.	
1914	0.	0.	
1914	0.	0.	
1915	0.	0.	
1915	0.	0.	
1915	0.	0.	
1915	2.	0.	
1915	672.	0.	
1915	4423.	1668.	
1915	3194.	347.	
1915	687.	0.	
1915	333.	0.	
1915	82.	0.	
1915	0.	0.	
1915	0.	0.	
1916	0.	0.	
1916	0.	0.	
1916	0.	0.	
1916	2.	0.	
1916	633.	0.	
1916	4423.	1668.	
1916	3194.	347.	
1916	687.	0.	
1916	333.	0.	
1916	82.	0.	
1916	0.	0.	
1916	0.	0.	
1917	0.	0.	
1917	0.	0.	
1917	0.	0.	
1917	2.	0.	
1917	672.	0.	
1917	4423.	1668.	
1917	3194.	347.	
1917	687.	0.	
1917	333.	0.	
1917	98.	0.	
1917	0.	0.	
1917	0.	0.	
1918	0.	0.	
1918	0.	0.	
1918	0.	0.	
1918	36.	0.	
1918	633.	0.	
1918	4423.	1668.	
1918	3194.	347.	
1918	687.	0.	
1918	333.	0.	
1918	82.	0.	
1918	0.	0.	
1918	0.	0.	
1919	0.	0.	
1919	0.	0.	
1919	0.	0.	
1919	2.	0.	
1919	633.	0.	
1919	2925.	170.	
1919	2009.	0.	
1919	687.	0.	
1919	333.	0.	
1919	98.	0.	
1919	0.	0.	
1919	0.	0.	
1920	0.	0.	
1920	0.	0.	
1920	0.	0.	
1920	2.	0.	
1920	633.	0.	
1920	4423.	1668.	
1920	3194.	347.	
1920	687.	0.	
1920	333.	0.	
1920	82.	0.	
1920	0.	0.	
1920	0.	0.	
1921	0.	0.	
1921	0.	0.	
1921	0.	0.	
1921	36.	0.	
1921	633.	0.	
1921	4423.	1668.	
1921	3194.	347.	
1921	687.	0.	
1921	333.	0.	
1921	82.	0.	
1921	0.	0.	
1921	0.	0.	
1922	0.	0.	
1922	0.	0.	
1922	0.	0.	
1922	36.	0.	
1922	633.	0.	
1922	2925.	170.	
1922	2009.	0.	
1922	687.	0.	
1922	325.	0.	
1922	98.	0.	
1922	0.	0.	
1922	0.	0.	
1923	0.	0.	
1923	0.	0.	
1923	0.	0.	
1923	36.	0.	
1923	633.	0.	
1923	4423.	1668.	
1923	3194.	347.	
1923	687.	0.	
1923	333.	0.	
1923	82.	0.	
1923	0.	0.	
1923	0.	0.	
1924	0.	0.	
1924	0.	0.	
1924	0.	0.	
1924	36.	0.	
1924	633.	0.	
1924	4423.	1668.	
1924	3194.	347.	
1924	412.	0.	
1924	325.	0.	
1924	98.	0.	
1924	0.	0.	
1924	0.	0.	
1925	0.	0.	
1925	0.	0.	
1925	0.	0.	
1925	36.	0.	
1925	672.	0.	
1925	2925.	170.	
1925	2009.	0.	
1925	412.	0.	
1925	325.	0.	
1925	82.	0.	
1925	0.	0.	
1925	0.	0.	
1926	0.	0.	
1926	0.	0.	
1926	0.	0.	
1926	2.	0.	
1926	633.	0.	
1926	4423.	1668.	
1926	3194.	347.	
1926	687.	0.	
1926	333.	0.	
1926	82.	0.	
1926	0.	0.	
1926	0.	0.	
1927	0.	0.	
1927	0.	0.	
1927	0.	0.	
1927	2.	0.	
1927	633.	0.	
1927	4423.	1668.	
1927	3194.	347.	
1927	687.	0.	
1927	333.	0.	
1927	82.	0.	
1927	0.	0.	
1927	0.	0.	
1928	0.	0.	
1928	0.	0.	
1928	0.	0.	
1928	36.	0.	
1928	633.	0.	
1928	4423.	1668.	
1928	3194.	347.	
1928	687.	0.	
1928	325.	0.	
1928	98.	0.	
1928	0.	0.	
1928	0.	0.	
1929	0.	0.	
1929	0.	0.	
1929	0.	0.	
1929	36.	0.	
1929	672.	0.	
1929	2925.	170.	
1929	2009.	0.	
1929	412.	0.	
1929	325.	0.	
1929	82.	0.	
1929	0.	0.	
1929	0.	0.	
1930	0.	0.	
1930	0.	0.	
1930	0.	0.	
1930	2.	0.	
1930	672.	0.	
1930	2925.	170.	
1930	2009.	0.	
1930	687.	0.	
1930	333.	0.	
1930	82.	0.	
1930	0.	0.	
1930	0.	0.	
1931	0.	0.	
1931	0.	0.	
1931	0.	0.	
1931	36.	0.	
1931	672.	0.	
1931	2925.	170.	
1931	2009.	0.	
1931	687.	0.	
1931	333.	0.	
1931	82.	0.	
1931	0.	0.	
1931	0.	0.	
1932	0.	0.	
1932	0.	0.	
1932	0.	0.	
1932	2.	0.	
1932	633.	0.	
1932	4423.	1668.	
1932	3194.	347.	
1932	687.	0.	
1932	325.	0.	
1932	98.	0.	
1932	0.	0.	
1932	0.	0.	
1933	0.	0.	
1933	0.	0.	
1933	0.	0.	
1933	36.	0.	
1933	672.	0.	
1933	4423.	1668.	
1933	3194.	347.	
1933	412.	0.	
1933	333.	0.	
1933	82.	0.	
1933	0.	0.	
1933	0.	0.	
1934	0.	0.	
1934	0.	0.	
1934	0.	0.	
1934	2.	0.	
1934	633.	0.	
1934	2925.	170.	
1934	1933.	0.	
1934	412.	0.	
1934	325.	0.	
1934	98.	0.	
1934	0.	0.	
1934	0.	0.	
1935	0.	0.	
1935	0.	0.	
1935	0.	0.	
1935	36.	0.	
1935	672.	0.	
1935	4423.	1668.	
1935	3194.	347.	
1935	687.	0.	
1935	333.	0.	
1935	98.	0.	
1935	0.	0.	
1935	0.	0.	
1936	0.	0.	
1936	0.	0.	
1936	0.	0.	
1936	2.	0.	
1936	633.	0.	
1936	4423.	1668.	
1936	2009.	0.	
1936	687.	0.	
1936	333.	0.	
1936	82.	0.	
1936	0.	0.	
1936	0.	0.	
1937	0.	0.	
1937	0.	0.	
1937	0.	0.	
1937	36.	0.	
1937	672.	0.	
1937	2925.	170.	
1937	2009.	0.	
1937	412.	0.	
1937	333.	0.	
1937	82.	0.	
1937	0.	0.	
1937	0.	0.	
1938	0.	0.	
1938	0.	0.	
1938	0.	0.	
1938	2.	0.	
1938	633.	0.	
1938	4423.	1668.	
1938	3194.	347.	
1938	687.	0.	
1938	333.	0.	
1938	82.	0.	
1938	0.	0.	
1938	0.	0.	
1939	0.	0.	
1939	0.	0.	
1939	0.	0.	
1939	2.	0.	
1939	633.	0.	
1939	2925.	170.	
1939	2009.	0.	
1939	412.	0.	
1939	325.	0.	
1939	98.	0.	
1939	0.	0.	
1939	0.	0.	
1940	0.	0.	
1940	0.	0.	
1940	0.	0.	
1940	36.	0.	
1940	672.	0.	
1940	2925.	170.	
1940	2009.	0.	
1940	412.	0.	
1940	333.	0.	
1940	82.	0.	
1940	0.	0.	
1940	0.	0.	
1941	0.	0.	
1941	0.	0.	
1941	0.	0.	
1941	36.	0.	
1941	633.	0.	
1941	2925.	170.	
1941	2009.	0.	
1941	412.	0.	
1941	325.	0.	
1941	82.	0.	
1941	0.	0.	
1941	0.	0.	
1942	0.	0.	
1942	0.	0.	
1942	0.	0.	
1942	2.	0.	
1942	672.	0.	
1942	4423.	1668.	
1942	2009.	0.	
1942	412.	0.	
1942	325.	0.	
1942	98.	0.	
1942	0.	0.	
1942	0.	0.	
1943	0.	0.	
1943	0.	0.	
1943	0.	0.	
1943	2.	0.	
1943	672.	0.	
1943	2925.	170.	
1943	2009.	0.	
1943	412.	0.	
1943	325.	0.	
1943	98.	0.	
1943	0.	0.	
1943	0.	0.	
1944	0.	0.	
1944	0.	0.	
1944	0.	0.	
1944	36.	0.	
1944	672.	0.	
1944	4423.	1668.	
1944	2009.	0.	
1944	412.	0.	
1944	325.	0.	
1944	98.	0.	
1944	0.	0.	
1944	0.	0.	
1945	0.	0.	
1945	0.	0.	
1945	0.	0.	
1945	36.	0.	
1945	672.	0.	
1945	2925.	170.	
1945	3194.	347.	
1945	687.	0.	
1945	325.	0.	
1945	82.	0.	
1945	0.	0.	
1945	0.	0.	
1946	0.	0.	
1946	0.	0.	
1946	0.	0.	
1946	2.	0.	
1946	672.	0.	
1946	2925.	170.	
1946	2009.	0.	
1946	412.	0.	
1946	325.	0.	
1946	98.	0.	
1946	0.	0.	
1946	0.	0.	
1947	0.	0.	
1947	0.	0.	
1947	0.	0.	
1947	36.	0.	
1947	633.	0.	
1947	4423.	1668.	
1947	3194.	347.	
1947	687.	0.	
1947	333.	0.	
1947	82.	0.	
1947	0.	0.	
1947	0.	0.	
1948	0.	0.	
1948	0.	0.	
1948	0.	0.	
1948	2.	0.	
1948	633.	0.	
1948	2925.	170.	
1948	2009.	0.	
1948	412.	0.	
1948	325.	0.	
1948	98.	0.	
1948	0.	0.	
1948	0.	0.	
1949	0.	0.	
1949	0.	0.	
1949	0.	0.	
1949	2.	0.	
1949	633.	0.	
1949	4423.	1668.	
1949	3194.	347.	
1949	412.	0.	
1949	325.	0.	
1949	98.	0.	
1949	0.	0.	
1949	0.	0.	
1950	0.	0.	
1950	0.	0.	
1950	0.	0.	
1950	36.	0.	
1950	623.	0.	
1950	2925.	170.	
1950	1925.	0.	
1950	450.	0.	
1950	303.	0.	
1950	227.	0.	
1950	0.	0.	
1950	0.	0.	
1951	0.	0.	
1951	0.	0.	
1951	0.	0.	
1951	36.	0.	
1951	712.	0.	
1951	2925.	170.	
1951	2009.	0.	
1951	352.	0.	
1951	372.	0.	
1951	98.	0.	
1951	0.	0.	
1951	0.	0.	
1952	0.	0.	
1952	0.	0.	
1952	0.	0.	
1952	0.	0.	
1952	679.	0.	
1952	2925.	170.	
1952	2009.	0.	
1952	368.	0.	
1952	440.	0.	
1952	155.	53.	
1952	0.	0.	
1952	0.	0.	
1953	0.	0.	
1953	0.	0.	
1953	0.	0.	
1953	6.	0.	
1953	576.	0.	
1953	2925.	170.	
1953	2009.	0.	
1953	357.	0.	
1953	392.	0.	
1953	110.	0.	
1953	0.	0.	
1953	0.	0.	
1954	0.	0.	
1954	0.	0.	
1954	0.	0.	
1954	80.	0.	
1954	910.	0.	
1954	2822.	67.	
1954	1871.	0.	
1954	418.	0.	
1954	307.	0.	
1954	100.	0.	
1954	0.	0.	
1954	0.	0.	
1955	0.	0.	
1955	0.	0.	
1955	0.	0.	
1955	36.	0.	
1955	910.	0.	
1955	2528.	0.	
1955	1938.	0.	
1955	402.	0.	
1955	355.	0.	
1955	77.	0.	
1955	0.	0.	
1955	0.	0.	
1956	0.	0.	
1956	0.	0.	
1956	0.	0.	
1956	36.	0.	
1956	791.	0.	
1956	3017.	262.	
1956	1779.	0.	
1956	365.	0.	
1956	385.	0.	
1956	113.	0.	
1956	0.	0.	
1956	0.	0.	
1957	0.	0.	
1957	0.	0.	
1957	0.	0.	
1957	36.	0.	
1957	576.	0.	
1957	2925.	170.	
1957	2009.	0.	
1957	422.	0.	
1957	330.	0.	
1957	98.	0.	
1957	0.	0.	
1957	0.	0.	
1958	0.	0.	
1958	0.	0.	
1958	0.	0.	
1958	36.	0.	
1958	772.	0.	
1958	2925.	170.	
1958	1888.	0.	
1958	412.	0.	
1958	367.	0.	
1958	97.	0.	
1958	0.	0.	
1958	0.	0.	
1959	0.	0.	
1959	0.	0.	
1959	0.	0.	
1959	36.	0.	
1959	658.	0.	
1959	2925.	170.	
1959	1792.	0.	
1959	407.	0.	
1959	228.	0.	
1959	98.	0.	
1959	0.	0.	
1959	0.	0.	
1960	0.	0.	
1960	0.	0.	
1960	0.	0.	
1960	36.	0.	
1960	637.	0.	
1960	2925.	170.	
1960	1900.	0.	
1960	440.	0.	
1960	375.	0.	
1960	97.	0.	
1960	0.	0.	
1960	0.	0.	
1961	0.	0.	
1961	0.	0.	
1961	0.	0.	
1961	6.	0.	
1961	910.	0.	
1961	2811.	56.	
1961	1692.	0.	
1961	405.	0.	
1961	137.	0.	
1961	0.	0.	
1961	0.	0.	
1961	0.	0.	
1962	0.	0.	
1962	0.	0.	
1962	0.	0.	
1962	0.	0.	
1962	749.	0.	
1962	2925.	170.	
1962	2009.	0.	
1962	445.	0.	
1962	353.	0.	
1962	120.	0.	
1962	0.	0.	
1962	0.	0.	
1963	0.	0.	
1963	0.	0.	
1963	0.	0.	
1963	15.	0.	
1963	910.	0.	
1963	2633.	0.	
1963	2083.	0.	
1963	379.	0.	
1963	373.	0.	
1963	208.	0.	
1963	0.	0.	
1963	0.	0.	
1964	0.	0.	
1964	0.	0.	
1964	0.	0.	
1964	6.	0.	
1964	753.	0.	
1964	2517.	0.	
1964	2004.	0.	
1964	379.	0.	
1964	377.	0.	
1964	117.	0.	
1964	0.	0.	
1964	0.	0.	
1965	0.	0.	
1965	0.	0.	
1965	0.	0.	
1965	36.	0.	
1965	649.	0.	
1965	2925.	170.	
1965	2009.	0.	
1965	368.	0.	
1965	268.	0.	
1965	162.	0.	
1965	0.	0.	
1965	0.	0.	
1966	0.	0.	
1966	0.	0.	
1966	0.	0.	
1966	15.	0.	
1966	910.	0.	
1966	2867.	112.	
1966	2021.	0.	
1966	432.	0.	
1966	362.	0.	
1966	77.	0.	
1966	0.	0.	
1966	0.	0.	
1967	0.	0.	
1967	0.	0.	
1967	0.	0.	
1967	36.	0.	
1967	910.	0.	
1967	2925.	170.	
1967	2009.	0.	
1967	379.	0.	
1967	300.	0.	
1967	110.	0.	
1967	0.	0.	
1967	0.	0.	
1968	0.	0.	
1968	0.	0.	
1968	0.	0.	
1968	6.	0.	
1968	910.	0.	
1968	2983.	228.	
1968	1992.	0.	
1968	385.	0.	
1968	392.	0.	
1968	95.	0.	
1968	0.	0.	
1968	0.	0.	
1969	0.	0.	
1969	0.	0.	
1969	0.	0.	
1969	92.	0.	
1969	821.	0.	
1969	2925.	170.	
1969	2033.	0.	
1969	452.	0.	
1969	370.	0.	
1969	98.	0.	
1969	0.	0.	
1969	0.	0.	
1970	0.	0.	
1970	0.	0.	
1970	0.	0.	
1970	36.	0.	
1970	726.	0.	
1970	2925.	170.	
1970	2058.	0.	
1970	402.	0.	
1970	287.	0.	
1970	98.	0.	
1970	0.	0.	
1970	0.	0.	
1971	0.	0.	
1971	0.	0.	
1971	0.	0.	
1971	0.	0.	
1971	602.	0.	
1971	2978.	223.	
1971	1913.	0.	
1971	443.	0.	
1971	275.	0.	
1971	98.	0.	
1971	0.	0.	
1971	0.	0.	
1972	0.	0.	
1972	0.	0.	
1972	0.	0.	
1972	36.	0.	
1972	910.	0.	
1972	2925.	170.	
1972	1967.	0.	
1972	410.	0.	
1972	307.	0.	
1972	98.	0.	
1972	0.	0.	
1972	0.	0.	
1973	0.	0.	
1973	0.	0.	
1973	0.	0.	
1973	6.	0.	
1973	576.	0.	
1973	2925.	170.	
1973	3194.	347.	
1973	433.	0.	
1973	403.	0.	
1973	122.	0.	
1973	0.	0.	
1973	0.	0.	
1974	0.	0.	
1974	0.	0.	
1974	0.	0.	
1974	36.	0.	
1974	840.	0.	
1974	2925.	170.	
1974	2009.	0.	
1974	480.	0.	
1974	363.	0.	
1974	115.	0.	
1974	0.	0.	
1974	0.	0.	
1975	0.	0.	
1975	0.	0.	
1975	0.	0.	
1975	3.	0.	
1975	472.	0.	
1975	2578.	0.	
1975	2211.	0.	
1975	837.	0.	
1975	410.	0.	
1975	38.	0.	
1975	0.	0.	
1975	0.	0.	
1976	0.	0.	
1976	0.	0.	
1976	0.	0.	
1976	15.	0.	
1976	708.	0.	
1976	2628.	0.	
1976	1967.	0.	
1976	916.	0.	
1976	278.	0.	
1976	50.	0.	
1976	0.	0.	
1976	0.	0.	
1977	0.	0.	
1977	0.	0.	
1977	0.	0.	
1977	60.	0.	
1977	1032.	0.	
1977	3200.	445.	
1977	1946.	0.	
1977	815.	0.	
1977	377.	0.	
1977	88.	0.	
1977	0.	0.	
1977	0.	0.	
1978	0.	0.	
1978	0.	0.	
1978	0.	0.	
1978	9.	0.	
1978	740.	0.	
1978	2794.	39.	
1978	2054.	0.	
1978	752.	0.	
1978	378.	0.	
1978	256.	0.	
1978	0.	0.	
1978	0.	0.	
1979	0.	0.	
1979	0.	0.	
1979	0.	0.	
1979	9.	0.	
1979	653.	0.	
1979	2888.	133.	
1979	2178.	0.	
1979	759.	0.	
1979	463.	0.	
1979	155.	0.	
1979	0.	0.	
1979	0.	0.	
1980	0.	0.	
1980	0.	0.	
1980	0.	0.	
1980	3.	0.	
1980	637.	0.	
1980	3146.	391.	
1980	2120.	0.	
1980	823.	0.	
1980	348.	0.	
1980	93.	0.	
1980	0.	0.	
1980	0.	0.	
1981	0.	0.	
1981	0.	0.	
1981	0.	0.	
1981	128.	0.	
1981	1325.	0.	
1981	2989.	234.	
1981	1771.	0.	
1981	385.	0.	
1981	415.	0.	
1981	78.	0.	
1981	0.	0.	
1981	0.	0.	
1982	0.	0.	
1982	0.	0.	
1982	0.	0.	
1982	0.	0.	
1982	1070.	0.	
1982	3119.	364.	
1982	2157.	0.	
1982	535.	0.	
1982	257.	0.	
1982	57.	0.	
1982	0.	0.	
1982	0.	0.	
1983	0.	0.	
1983	0.	0.	
1983	0.	0.	
1983	0.	0.	
1983	599.	0.	
1983	3113.	358.	
1983	3739.	892.	
1983	487.	0.	
1983	378.	0.	
1983	137.	0.	
1983	0.	0.	
1983	0.	0.	
1984	0.	0.	
1984	0.	0.	
1984	0.	0.	
1984	0.	0.	
1984	723.	0.	
1984	4231.	1476.	
1984	2795.	0.	
1984	345.	0.	
1984	312.	0.	
1984	238.	0.	
1984	0.	0.	
1984	0.	0.	
1985	0.	0.	
1985	0.	0.	
1985	0.	0.	
1985	73.	0.	
1985	860.	0.	
1985	3666.	911.	
1985	2072.	0.	
1985	493.	0.	
1985	307.	0.	
1985	33.	0.	
1985	0.	0.	
1985	0.	0.	
1986	0.	0.	
1986	0.	0.	
1986	0.	0.	
1986	0.	0.	
1986	730.	0.	
1986	3078.	323.	
1986	1725.	0.	
1986	388.	0.	
1986	305.	0.	
1986	62.	0.	
1986	0.	0.	
1986	0.	0.	
1987	0.	0.	
1987	0.	0.	
1987	0.	0.	
1987	33.	0.	
1987	781.	0.	
1987	3139.	384.	
1987	1913.	0.	
1987	395.	0.	
1987	400.	0.	
1987	128.	0.	
1987	0.	0.	
1987	0.	0.	
1988	0.	0.	
1988	0.	0.	
1988	0.	0.	
1988	15.	0.	
1988	744.	0.	
1988	2933.	178.	
1988	2192.	0.	
1988	462.	0.	
1988	355.	0.	
1988	172.	0.	
1988	0.	0.	
1988	0.	0.	
1989	0.	0.	
1989	0.	0.	
1989	0.	0.	
1989	536.	0.	
1989	1185.	0.	
1989	2644.	0.	
1989	1942.	0.	
1989	417.	0.	
1989	338.	0.	
1989	208.	0.	
1989	0.	0.	
1989	0.	0.	
1990	0.	0.	
1990	0.	0.	
1990	0.	0.	
1990	40.	0.	
1990	1196.	0.	
1990	3128.	373.	
1990	2177.	0.	
1990	473.	0.	
1990	348.	0.	
1990	100.	0.	
1990	0.	0.	
1990	0.	0.	
1991	0.	0.	
1991	0.	0.	
1991	0.	0.	
1991	0.	0.	
1991	781.	0.	
1991	2736.	0.	
1991	1779.	0.	
1991	358.	0.	
1991	400.	0.	
1991	97.	0.	
1991	0.	0.	
1991	0.	0.	
1992	0.	0.	
1992	0.	0.	
1992	0.	0.	
1992	98.	0.	
1992	836.	0.	
1992	2750.	0.	
1992	1867.	0.	
1992	400.	0.	
1992	398.	0.	
1992	142.	0.	
1992	0.	0.	
1992	0.	0.	
1993	0.	0.	
1993	0.	0.	
1993	0.	0.	
1993	0.	0.	
1993	713.	0.	
1993	2935.	180.	
1993	1946.	0.	
1993	448.	0.	
1993	228.	0.	
1993	37.	0.	
1993	0.	0.	
1993	0.	0.	
1994	0.	0.	
1994	0.	0.	
1994	0.	0.	
1994	57.	0.	
1994	926.	0.	
1994	2844.	89.	
1994	2163.	0.	
1994	375.	0.	
1994	375.	0.	
1994	103.	0.	
1994	0.	0.	
1994	0.	0.	
1995	0.	0.	
1995	0.	0.	
1995	0.	0.	
1995	0.	0.	
1995	353.	0.	
1995	2300.	0.	
1995	1708.	0.	
1995	505.	0.	
1995	307.	0.	
1995	60.	0.	
1995	0.	0.	
1995	0.	0.	
1996	0.	0.	
1996	0.	0.	
1996	0.	0.	
1996	17.	0.	
1996	853.	0.	
1996	2733.	0.	
1996	2067.	0.	
1996	483.	0.	
1996	275.	0.	
1996	70.	0.	
1996	0.	0.	
1996	0.	0.	
1997	0.	0.	
1997	0.	0.	
1997	0.	0.	
1997	0.	0.	
1997	854.	0.	
1997	2922.	167.	
1997	2313.	0.	
1997	707.	0.	
1997	479.	0.	
1997	467.	0.	
1997	0.	0.	
1997	0.	0.	
1998	0.	0.	
1998	0.	0.	
1998	0.	0.	
1998	0.	0.	
1998	847.	0.	
1998	2522.	0.	
1998	2132.	0.	
1998	412.	0.	
1998	407.	0.	
1998	357.	0.	
1998	0.	0.	
1998	0.	0.	
1999	0.	0.	
1999	0.	0.	
1999	0.	0.	
1999	0.	0.	
1999	621.	0.	
1999	2656.	0.	
1999	1800.	0.	
1999	438.	0.	
1999	355.	0.	
1999	88.	0.	
1999	0.	0.	
1999	0.	0.	
2000	0.	0.	
2000	0.	0.	
2000	0.	0.	
2000	73.	0.	
2000	826.	0.	
2000	2728.	0.	
2000	2129.	0.	
2000	435.	0.	
2000	325.	0.	
2000	157.	0.	
2000	0.	0.	
2000	0.	0.	
2001	0.	0.	
2001	0.	0.	
2001	0.	0.	
2001	97.	0.	
2001	791.	0.	
2001	3056.	301.	
2001	2050.	0.	
2001	425.	0.	
2001	338.	0.	
2001	160.	0.	
2001	0.	0.	
2001	0.	0.	
2002	0.	0.	
2002	0.	0.	
2002	0.	0.	
2002	127.	0.	
2002	795.	0.	
2002	3306.	551.	
2002	2150.	0.	
2002	450.	0.	
2002	312.	0.	
2002	298.	0.	
2002	0.	0.	
2002	0.	0.	
2003	0.	0.	
2003	0.	0.	
2003	0.	0.	
2003	25.	0.	
2003	798.	0.	
2003	2572.	0.	
2003	2042.	0.	
2003	353.	0.	
2003	313.	0.	
2003	223.	0.	
2003	0.	0.	
2003	0.	0.	
2004	0.	0.	
2004	0.	0.	
2004	0.	0.	
2004	122.	0.	
2004	1184.	0.	
2004	2887.	132.	
2004	1944.	0.	
2004	829.	0.	
2004	617.	0.	
2004	609.	0.	
2004	0.	0.	
2004	0.	0.	
2005	0.	0.	
2005	0.	0.	
2005	0.	0.	
2005	53.	0.	
2005	840.	0.	
2005	2531.	0.	
2005	2059.	0.	
2005	500.	0.	
2005	312.	0.	
2005	117.	0.	
2005	0.	0.	
2005	0.	0.	
2006	0.	0.	
2006	0.	0.	
2006	0.	0.	
2006	108.	0.	
2006	807.	0.	
2006	3217.	462.	
2006	2056.	0.	
2006	450.	0.	
2006	293.	0.	
2006	138.	0.	
2006	0.	0.	
2006	0.	0.	
2007	0.	0.	
2007	0.	0.	
2007	0.	0.	
2007	80.	0.	
2007	1221.	0.	
2007	3094.	339.	
2007	2038.	0.	
2007	397.	0.	
2007	278.	0.	
2007	120.	0.	
2007	0.	0.	
2007	0.	0.	
2008	0.	0.	
2008	0.	0.	
2008	0.	0.	
2008	0.	0.	
2008	526.	0.	
2008	4539.	1784.	
2008	2844.	0.	
2008	657.	0.	
2008	302.	0.	
2008	115.	0.	
2008	0.	0.	
2008	0.	0.	
2009	0.	0.	
2009	0.	0.	
2009	0.	0.	
2009	13.	0.	
2009	1482.	0.	
2009	4173.	1418.	
2009	2019.	0.	
2009	457.	0.	
2009	387.	0.	
2009	58.	0.	
2009	0.	0.	
2009	0.	0.	
2010	0.	0.	
2010	0.	0.	
2010	0.	0.	
2010	0.	0.	
2010	537.	0.	
2010	3932.	1177.	
2010	2580.	0.	
2010	502.	0.	
2010	423.	0.	
2010	111.	0.	
2010	0.	0.	
2010	0.	0.	
2011	0.	0.	
2011	0.	0.	
2011	0.	0.	
2011	0.	0.	
2011	493.	0.	
2011	6459.	3704.	
2011	4635.	1788.	
2011	866.	0.	
2011	322.	0.	
2011	73.	0.	
2011	0.	0.	
2011	0.	0.	
2012	0.	0.	
2012	0.	0.	
2012	0.	0.	
2012	135.	0.	
2012	2180.	0.	
2012	3422.	667.	
2012	1588.	0.	
2012	497.	0.	
2012	358.	0.	
2012	102.	0.	
2012	0.	0.	
2012	0.	0.	
2013	0.	0.	
2013	0.	0.	
2013	0.	0.	
2013	4.	0.	
2013	808.	0.	
2013	3278.	523.	
2013	1825.	0.	
2013	441.	0.	
2013	217.	0.	
