1908	12.	5.	
1908	0.	0.	
1908	0.	0.	
1909	0.	0.	
1909	0.	0.	
1909	0.	0.	
1909	19.	0.	
1909	189.	0.	
1909	421.	0.	
1909	275.	0.	
1909	45.	0.	
1909	42.	0.	
1909	12.	0.	
1909	0.	0.	
1909	0.	0.	
1910	0.	0.	
1910	0.	0.	
1910	0.	0.	
1910	4.	0.	
1910	200.	0.	
1910	500.	0.	
1910	255.	0.	
1910	52.	0.	
1910	40.	16.	
1910	10.	0.	
1910	0.	0.	
1910	0.	0.	
1911	0.	0.	
1911	0.	0.	
1911	0.	0.	
1911	4.	0.	
1911	189.	0.	
1911	421.	0.	
1911	275.	0.	
1911	45.	0.	
1911	42.	0.	
1911	10.	0.	
1911	0.	0.	
1911	0.	0.	
1912	0.	0.	
1912	0.	0.	
1912	0.	0.	
1912	4.	0.	
1912	189.	0.	
1912	421.	0.	
1912	275.	0.	
1912	45.	0.	
1912	42.	0.	
1912	12.	0.	
1912	0.	0.	
1912	0.	0.	
1913	0.	0.	
1913	0.	0.	
1913	0.	0.	
1913	4.	0.	
1913	200.	0.	
1913	500.	0.	
1913	255.	0.	
1913	52.	0.	
1913	40.	0.	
1913	10.	0.	
1913	0.	0.	
1913	0.	0.	
1914	0.	0.	
1914	0.	0.	
1914	0.	0.	
1914	19.	0.	
1914	189.	0.	
1914	421.	0.	
1914	275.	0.	
1914	45.	0.	
1914	42.	0.	
1914	10.	0.	
1914	0.	0.	
1914	0.	0.	
1915	0.	0.	
1915	0.	0.	
1915	0.	0.	
1915	19.	0.	
1915	200.	0.	
1915	421.	0.	
1915	275.	0.	
1915	45.	0.	
1915	42.	0.	
1915	10.	0.	
1915	0.	0.	
1915	0.	0.	
1916	0.	0.	
1916	0.	0.	
1916	0.	0.	
1916	19.	0.	
1916	189.	0.	
1916	421.	0.	
1916	275.	0.	
1916	45.	0.	
1916	42.	0.	
1916	10.	0.	
1916	0.	0.	
1916	0.	0.	
1917	0.	0.	
1917	0.	0.	
1917	0.	0.	
1917	19.	0.	
1917	200.	0.	
1917	421.	0.	
1917	275.	0.	
1917	45.	0.	
1917	42.	0.	
1917	12.	0.	
1917	0.	0.	
1917	0.	0.	
1918	0.	0.	
1918	0.	0.	
1918	0.	0.	
1918	4.	0.	
1918	189.	0.	
1918	421.	0.	
1918	275.	0.	
1918	45.	0.	
1918	42.	0.	
1918	10.	0.	
1918	0.	0.	
1918	0.	0.	
1919	0.	0.	
1919	0.	0.	
1919	0.	0.	
1919	19.	0.	
1919	189.	0.	
1919	500.	0.	
1919	255.	0.	
1919	45.	0.	
1919	42.	0.	
1919	12.	0.	
1919	0.	0.	
1919	0.	0.	
1920	0.	0.	
1920	0.	0.	
1920	0.	0.	
1920	19.	0.	
1920	189.	0.	
1920	421.	0.	
1920	275.	0.	
1920	45.	0.	
1920	42.	0.	
1920	10.	0.	
1920	0.	0.	
1920	0.	0.	
1921	0.	0.	
1921	0.	0.	
1921	0.	0.	
1921	4.	0.	
1921	189.	0.	
1921	421.	0.	
1921	275.	0.	
1921	45.	0.	
1921	42.	0.	
1921	10.	0.	
1921	0.	0.	
1921	0.	0.	
1922	0.	0.	
1922	0.	0.	
1922	0.	0.	
1922	4.	0.	
1922	189.	0.	
1922	500.	0.	
1922	255.	0.	
1922	45.	0.	
1922	40.	0.	
1922	12.	0.	
1922	0.	0.	
1922	0.	0.	
1923	0.	0.	
1923	0.	0.	
1923	0.	0.	
1923	4.	0.	
1923	189.	0.	
1923	421.	0.	
1923	275.	0.	
1923	45.	0.	
1923	42.	0.	
1923	10.	0.	
1923	0.	0.	
1923	0.	0.	
1924	0.	0.	
1924	0.	0.	
1924	0.	0.	
1924	4.	0.	
1924	189.	0.	
1924	421.	0.	
1924	275.	0.	
1924	52.	0.	
1924	40.	0.	
1924	12.	0.	
1924	0.	0.	
1924	0.	0.	
1925	0.	0.	
1925	0.	0.	
1925	0.	0.	
1925	4.	0.	
1925	200.	0.	
1925	500.	0.	
1925	255.	0.	
1925	52.	0.	
1925	40.	0.	
1925	10.	0.	
1925	0.	0.	
1925	0.	0.	
1926	0.	0.	
1926	0.	0.	
1926	0.	0.	
1926	19.	0.	
1926	189.	0.	
1926	421.	0.	
1926	275.	0.	
1926	45.	0.	
1926	42.	0.	
1926	10.	0.	
1926	0.	0.	
1926	0.	0.	
1927	0.	0.	
1927	0.	0.	
1927	0.	0.	
1927	19.	0.	
1927	189.	0.	
1927	421.	0.	
1927	275.	0.	
1927	45.	0.	
1927	42.	0.	
1927	10.	0.	
1927	0.	0.	
1927	0.	0.	
1928	0.	0.	
1928	0.	0.	
1928	0.	0.	
1928	4.	0.	
1928	189.	0.	
1928	421.	0.	
1928	275.	0.	
1928	45.	0.	
1928	40.	0.	
1928	12.	0.	
1928	0.	0.	
1928	0.	0.	
1929	0.	0.	
1929	0.	0.	
1929	0.	0.	
1929	4.	0.	
1929	200.	0.	
1929	500.	0.	
1929	255.	0.	
1929	52.	0.	
1929	40.	0.	
1929	10.	0.	
1929	0.	0.	
1929	0.	0.	
1930	0.	0.	
1930	0.	0.	
1930	0.	0.	
1930	19.	0.	
1930	200.	0.	
1930	500.	0.	
1930	255.	0.	
1930	45.	0.	
1930	42.	0.	
1930	10.	0.	
1930	0.	0.	
1930	0.	0.	
1931	0.	0.	
1931	0.	0.	
1931	0.	0.	
1931	4.	0.	
1931	200.	0.	
1931	500.	0.	
1931	255.	0.	
1931	45.	0.	
1931	42.	0.	
1931	10.	0.	
1931	0.	0.	
1931	0.	0.	
1932	0.	0.	
1932	0.	0.	
1932	0.	0.	
1932	19.	0.	
1932	189.	0.	
1932	421.	0.	
1932	275.	0.	
1932	45.	0.	
1932	40.	0.	
1932	12.	0.	
1932	0.	0.	
1932	0.	0.	
1933	0.	0.	
1933	0.	0.	
1933	0.	0.	
1933	4.	0.	
1933	200.	0.	
1933	421.	0.	
1933	275.	0.	
1933	52.	0.	
1933	42.	0.	
1933	10.	0.	
1933	0.	0.	
1933	0.	0.	
1934	0.	0.	
1934	0.	0.	
1934	0.	0.	
1934	19.	0.	
1934	189.	0.	
1934	500.	0.	
1934	272.	0.	
1934	52.	0.	
1934	40.	0.	
1934	12.	0.	
1934	0.	0.	
1934	0.	0.	
1935	0.	0.	
1935	0.	0.	
1935	0.	0.	
1935	4.	0.	
1935	200.	0.	
1935	421.	0.	
1935	275.	0.	
1935	45.	0.	
1935	42.	0.	
1935	12.	0.	
1935	0.	0.	
1935	0.	0.	
1936	0.	0.	
1936	0.	0.	
1936	0.	0.	
1936	19.	0.	
1936	189.	0.	
1936	421.	0.	
1936	255.	0.	
1936	45.	0.	
1936	42.	0.	
1936	10.	0.	
1936	0.	0.	
1936	0.	0.	
1937	0.	0.	
1937	0.	0.	
1937	0.	0.	
1937	4.	0.	
1937	200.	0.	
1937	500.	0.	
1937	255.	0.	
1937	52.	0.	
1937	42.	0.	
1937	10.	0.	
1937	0.	0.	
1937	0.	0.	
1938	0.	0.	
1938	0.	0.	
1938	0.	0.	
1938	19.	0.	
1938	189.	0.	
1938	421.	0.	
1938	275.	0.	
1938	45.	0.	
1938	42.	0.	
1938	10.	0.	
1938	0.	0.	
1938	0.	0.	
1939	0.	0.	
1939	0.	0.	
1939	0.	0.	
1939	19.	0.	
1939	189.	0.	
1939	500.	0.	
1939	255.	0.	
1939	52.	0.	
1939	40.	0.	
1939	12.	0.	
1939	0.	0.	
1939	0.	0.	
1940	0.	0.	
1940	0.	0.	
1940	0.	0.	
1940	4.	0.	
1940	200.	0.	
1940	500.	0.	
1940	255.	0.	
1940	52.	0.	
1940	42.	0.	
1940	10.	0.	
1940	0.	0.	
1940	0.	0.	
1941	0.	0.	
1941	0.	0.	
1941	0.	0.	
1941	4.	0.	
1941	189.	0.	
1941	500.	0.	
1941	255.	0.	
1941	52.	0.	
1941	40.	0.	
1941	10.	0.	
1941	0.	0.	
1941	0.	0.	
1942	0.	0.	
1942	0.	0.	
1942	0.	0.	
1942	19.	0.	
1942	200.	0.	
1942	421.	0.	
1942	255.	0.	
1942	52.	0.	
1942	40.	0.	
1942	12.	0.	
1942	0.	0.	
1942	0.	0.	
1943	0.	0.	
1943	0.	0.	
1943	0.	0.	
1943	19.	0.	
1943	200.	0.	
1943	500.	0.	
1943	255.	0.	
1943	52.	0.	
1943	40.	0.	
1943	12.	0.	
1943	0.	0.	
1943	0.	0.	
1944	0.	0.	
1944	0.	0.	
1944	0.	0.	
1944	4.	0.	
1944	200.	0.	
1944	421.	0.	
1944	255.	0.	
1944	52.	0.	
1944	40.	0.	
1944	12.	0.	
1944	0.	0.	
1944	0.	0.	
1945	0.	0.	
1945	0.	0.	
1945	0.	0.	
1945	4.	0.	
1945	200.	0.	
1945	500.	0.	
1945	275.	0.	
1945	45.	0.	
1945	40.	0.	
1945	10.	0.	
1945	0.	0.	
1945	0.	0.	
1946	0.	0.	
1946	0.	0.	
1946	0.	0.	
1946	19.	0.	
1946	200.	0.	
1946	500.	0.	
1946	255.	0.	
1946	52.	0.	
1946	40.	0.	
1946	12.	0.	
1946	0.	0.	
1946	0.	0.	
1947	0.	0.	
1947	0.	0.	
1947	0.	0.	
1947	4.	0.	
1947	189.	0.	
1947	421.	0.	
1947	275.	0.	
1947	45.	0.	
1947	42.	0.	
1947	10.	0.	
1947	0.	0.	
1947	0.	0.	
1948	0.	0.	
1948	0.	0.	
1948	0.	0.	
1948	19.	0.	
1948	189.	0.	
1948	500.	0.	
1948	255.	0.	
1948	52.	0.	
1948	40.	0.	
1948	12.	0.	
1948	0.	0.	
1948	0.	0.	
1949	0.	0.	
1949	0.	0.	
1949	0.	0.	
1949	19.	0.	
1949	189.	0.	
1949	421.	0.	
1949	275.	0.	
1949	52.	0.	
1949	40.	0.	
1949	12.	0.	
1949	0.	0.	
1949	0.	0.	
1950	0.	0.	
1950	0.	0.	
1950	0.	0.	
1950	4.	0.	
1950	196.	0.	
1950	500.	0.	
1950	272.	0.	
1950	57.	0.	
1950	38.	0.	
1950	28.	0.	
1950	0.	0.	
1950	0.	0.	
1951	0.	0.	
1951	0.	0.	
1951	0.	0.	
1951	4.	0.	
1951	211.	0.	
1951	500.	0.	
1951	268.	0.	
1951	42.	0.	
1951	47.	0.	
1951	7.	0.	
1951	0.	0.	
1951	0.	0.	
1952	0.	0.	
1952	0.	0.	
1952	0.	0.	
1952	19.	0.	
1952	206.	0.	
1952	500.	0.	
1952	253.	0.	
1952	47.	0.	
1952	55.	0.	
1952	20.	0.	
1952	0.	0.	
1952	0.	0.	
1953	0.	0.	
1953	0.	0.	
1953	0.	0.	
1953	3.	0.	
1953	196.	0.	
1953	500.	0.	
1953	253.	0.	
1953	45.	0.	
1953	48.	0.	
1953	23.	0.	
1953	0.	0.	
1953	0.	0.	
1954	0.	0.	
1954	0.	0.	
1954	0.	0.	
1954	11.	0.	
1954	239.	0.	
1954	450.	0.	
1954	272.	0.	
1954	52.	0.	
1954	52.	0.	
1954	23.	0.	
1954	0.	0.	
1954	0.	0.	
1955	0.	0.	
1955	0.	0.	
1955	0.	0.	
1955	4.	0.	
1955	234.	0.	
1955	407.	0.	
1955	272.	0.	
1955	50.	0.	
1955	52.	0.	
1955	23.	0.	
1955	0.	0.	
1955	0.	0.	
1956	0.	0.	
1956	0.	0.	
1956	0.	0.	
1956	4.	0.	
1956	239.	0.	
1956	486.	0.	
1956	272.	0.	
1956	45.	0.	
1956	52.	0.	
1956	23.	0.	
1956	0.	0.	
1956	0.	0.	
1957	0.	0.	
1957	0.	0.	
1957	0.	0.	
1957	4.	0.	
1957	196.	0.	
1957	500.	0.	
1957	253.	0.	
1957	53.	0.	
1957	42.	0.	
1957	10.	0.	
1957	0.	0.	
1957	0.	0.	
1958	0.	0.	
1958	0.	0.	
1958	0.	0.	
1958	4.	0.	
1958	233.	0.	
1958	500.	0.	
1958	272.	0.	
1958	52.	0.	
1958	52.	0.	
1958	23.	0.	
1958	0.	0.	
1958	0.	0.	
1959	0.	0.	
1959	0.	0.	
1959	0.	0.	
1959	4.	0.	
1959	196.	0.	
1959	500.	0.	
1959	272.	0.	
1959	50.	0.	
1959	52.	0.	
1959	3.	0.	
1959	0.	0.	
1959	0.	0.	
1960	0.	0.	
1960	0.	0.	
1960	0.	0.	
1960	4.	0.	
1960	196.	0.	
1960	500.	0.	
1960	272.	0.	
1960	55.	0.	
1960	52.	0.	
1960	23.	0.	
1960	0.	0.	
1960	0.	0.	
1961	0.	0.	
1961	0.	0.	
1961	0.	0.	
1961	3.	0.	
1961	234.	0.	
1961	450.	0.	
1961	272.	0.	
1961	50.	0.	
1961	19.	0.	
1961	0.	0.	
1961	0.	0.	
1961	0.	0.	
1962	0.	0.	
1962	0.	0.	
1962	0.	0.	
1962	19.	0.	
1962	222.	0.	
1962	500.	0.	
1962	259.	0.	
1962	55.	0.	
1962	43.	0.	
1962	23.	0.	
1962	0.	0.	
1962	0.	0.	
1963	0.	0.	
1963	0.	0.	
1963	0.	0.	
1963	3.	0.	
1963	239.	0.	
1963	421.	0.	
1963	286.	0.	
1963	45.	0.	
1963	52.	0.	
1963	27.	0.	
1963	0.	0.	
1963	0.	0.	
1964	0.	0.	
1964	0.	0.	
1964	0.	0.	
1964	3.	0.	
1964	222.	0.	
1964	407.	0.	
1964	273.	0.	
1964	45.	0.	
1964	52.	0.	
1964	23.	0.	
1964	0.	0.	
1964	0.	0.	
1965	0.	0.	
1965	0.	0.	
1965	0.	0.	
1965	4.	0.	
1965	196.	0.	
1965	500.	0.	
1965	253.	0.	
1965	47.	0.	
1965	33.	0.	
1965	20.	0.	
1965	0.	0.	
1965	0.	0.	
1966	0.	0.	
1966	0.	0.	
1966	0.	0.	
1966	3.	0.	
1966	250.	0.	
1966	457.	0.	
1966	277.	0.	
1966	53.	0.	
1966	52.	0.	
1966	23.	0.	
1966	0.	0.	
1966	0.	0.	
1967	0.	0.	
1967	0.	0.	
1967	0.	0.	
1967	4.	0.	
1967	234.	0.	
1967	500.	0.	
1967	259.	0.	
1967	45.	0.	
1967	52.	0.	
1967	23.	0.	
1967	0.	0.	
1967	0.	0.	
1968	0.	0.	
1968	0.	0.	
1968	0.	0.	
1968	3.	0.	
1968	234.	0.	
1968	500.	0.	
1968	273.	0.	
1968	48.	0.	
1968	52.	0.	
1968	23.	0.	
1968	0.	0.	
1968	0.	0.	
1969	0.	0.	
1969	0.	0.	
1969	0.	0.	
1969	13.	0.	
1969	244.	0.	
1969	500.	0.	
1969	277.	0.	
1969	57.	0.	
1969	47.	0.	
1969	0.	0.	
1969	0.	0.	
1969	0.	0.	
1970	0.	0.	
1970	0.	0.	
1970	0.	0.	
1970	4.	0.	
1970	217.	0.	
1970	500.	0.	
1970	282.	0.	
1970	50.	0.	
1970	35.	0.	
1970	0.	0.	
1970	0.	0.	
1970	0.	0.	
1971	0.	0.	
1971	0.	0.	
1971	0.	0.	
1971	19.	0.	
1971	196.	0.	
1971	500.	0.	
1971	259.	0.	
1971	55.	0.	
1971	35.	0.	
1971	3.	0.	
1971	0.	0.	
1971	0.	0.	
1972	0.	0.	
1972	0.	0.	
1972	0.	0.	
1972	4.	0.	
1972	234.	0.	
1972	500.	0.	
1972	272.	0.	
1972	52.	0.	
1972	38.	0.	
1972	7.	0.	
1972	0.	0.	
1972	0.	0.	
1973	0.	0.	
1973	0.	0.	
1973	0.	0.	
1973	3.	0.	
1973	196.	0.	
1973	500.	0.	
1973	275.	0.	
1973	53.	0.	
1973	50.	0.	
1973	15.	0.	
1973	0.	0.	
1973	0.	0.	
1974	0.	0.	
1974	0.	0.	
1974	0.	0.	
1974	4.	0.	
1974	250.	0.	
1974	500.	0.	
1974	253.	0.	
1974	60.	0.	
1974	52.	0.	
1974	15.	0.	
1974	0.	0.	
1974	0.	0.	
1975	0.	0.	
1975	0.	0.	
1975	0.	0.	
1975	32.	0.	
1975	139.	0.	
1975	414.	0.	
1975	381.	0.	
1975	68.	0.	
1975	65.	0.	
1975	5.	0.	
1975	0.	0.	
1975	0.	0.	
1976	0.	0.	
1976	0.	0.	
1976	0.	0.	
1976	2.	0.	
1976	200.	0.	
1976	421.	0.	
1976	369.	0.	
1976	137.	0.	
1976	89.	0.	
1976	89.	0.	
1976	0.	0.	
1976	0.	0.	
1977	0.	0.	
1977	0.	0.	
1977	0.	0.	
1977	9.	0.	
1977	484.	0.	
1977	580.	0.	
1977	369.	0.	
1977	243.	0.	
1977	120.	0.	
1977	120.	0.	
1977	0.	0.	
1977	0.	0.	
1978	0.	0.	
1978	0.	0.	
1978	0.	0.	
1978	0.	0.	
1978	222.	0.	
1978	450.	0.	
1978	282.	0.	
1978	223.	0.	
1978	119.	0.	
1978	119.	0.	
1978	0.	0.	
1978	0.	0.	
1979	0.	0.	
1979	0.	0.	
1979	0.	0.	
1979	0.	0.	
1979	161.	0.	
1979	393.	0.	
1979	277.	0.	
1979	45.	0.	
1979	58.	0.	
1979	20.	0.	
1979	0.	0.	
1979	0.	0.	
1980	0.	0.	
1980	0.	0.	
1980	0.	0.	
1980	0.	0.	
1980	440.	0.	
1980	661.	0.	
1980	268.	0.	
1980	50.	0.	
1980	43.	0.	
1980	12.	0.	
1980	0.	0.	
1980	0.	0.	
1981	0.	0.	
1981	0.	0.	
1981	0.	0.	
1981	19.	0.	
1981	437.	0.	
1981	479.	0.	
1981	271.	0.	
1981	48.	0.	
1981	52.	0.	
1981	10.	0.	
1981	0.	0.	
1981	0.	0.	
1982	0.	0.	
1982	0.	0.	
1982	0.	0.	
1982	0.	0.	
1982	167.	0.	
1982	429.	0.	
1982	374.	0.	
1982	113.	0.	
1982	32.	0.	
1982	7.	0.	
1982	0.	0.	
1982	0.	0.	
1983	0.	0.	
1983	0.	0.	
1983	0.	0.	
1983	0.	0.	
1983	321.	0.	
1983	536.	0.	
1983	428.	0.	
1983	45.	0.	
1983	47.	0.	
1983	17.	0.	
1983	0.	0.	
1983	0.	0.	
1984	0.	0.	
1984	0.	0.	
1984	0.	0.	
1984	0.	0.	
1984	217.	0.	
1984	476.	0.	
1984	238.	0.	
1984	43.	0.	
1984	38.	0.	
1984	3.	0.	
1984	0.	0.	
1984	0.	0.	
1985	0.	0.	
1985	0.	0.	
1985	0.	0.	
1985	75.	0.	
1985	331.	0.	
1985	714.	0.	
1985	401.	0.	
1985	123.	0.	
1985	115.	0.	
1985	5.	0.	
1985	0.	0.	
1985	0.	0.	
1986	0.	0.	
1986	0.	0.	
1986	0.	0.	
1986	75.	0.	
1986	331.	0.	
1986	714.	0.	
1986	401.	0.	
1986	123.	0.	
1986	115.	0.	
1986	8.	0.	
1986	0.	0.	
1986	0.	0.	
1987	0.	0.	
1987	0.	0.	
1987	0.	0.	
1987	6.	0.	
1987	498.	0.	
1987	512.	0.	
1987	317.	0.	
1987	50.	0.	
1987	153.	0.	
1987	17.	0.	
1987	0.	0.	
1987	0.	0.	
1988	0.	0.	
1988	0.	0.	
1988	0.	0.	
1988	2.	0.	
1988	222.	0.	
1988	471.	0.	
1988	300.	0.	
1988	58.	0.	
1988	45.	0.	
1988	22.	0.	
1988	0.	0.	
1988	0.	0.	
1989	0.	0.	
1989	0.	0.	
1989	0.	0.	
1989	13.	0.	
1989	369.	0.	
1989	714.	65.	
1989	280.	0.	
1989	52.	0.	
1989	194.	0.	
1989	13.	0.	
1989	0.	0.	
1989	0.	0.	
1990	0.	0.	
1990	0.	0.	
1990	0.	0.	
1990	2.	0.	
1990	211.	0.	
1990	500.	0.	
1990	245.	0.	
1990	60.	0.	
1990	43.	0.	
1990	13.	0.	
1990	0.	0.	
1990	0.	0.	
1991	0.	0.	
1991	0.	0.	
1991	0.	0.	
1991	0.	0.	
1991	217.	0.	
1991	783.	134.	
1991	248.	0.	
1991	45.	0.	
1991	50.	0.	
1991	12.	0.	
1991	0.	0.	
1991	0.	0.	
1992	0.	0.	
1992	0.	0.	
1992	0.	0.	
1992	13.	0.	
1992	464.	0.	
1992	536.	0.	
1992	255.	0.	
1992	50.	0.	
1992	50.	0.	
1992	18.	0.	
1992	0.	0.	
1992	0.	0.	
1993	0.	0.	
1993	0.	0.	
1993	0.	0.	
1993	0.	0.	
1993	368.	0.	
1993	649.	0.	
1993	303.	0.	
1993	57.	0.	
1993	28.	0.	
1993	5.	0.	
1993	0.	0.	
1993	0.	0.	
1994	0.	0.	
1994	0.	0.	
1994	0.	0.	
1994	7.	0.	
1994	278.	0.	
1994	655.	6.	
1994	305.	0.	
1994	47.	0.	
1994	47.	0.	
1994	13.	0.	
1994	0.	0.	
1994	0.	0.	
1995	0.	0.	
1995	0.	0.	
1995	0.	0.	
1995	0.	0.	
1995	106.	0.	
1995	377.	0.	
1995	298.	0.	
1995	63.	0.	
1995	38.	0.	
1995	7.	0.	
1995	0.	0.	
1995	0.	0.	
1996	0.	0.	
1996	0.	0.	
1996	0.	0.	
1996	2.	0.	
1996	259.	0.	
1996	649.	0.	
1996	519.	0.	
1996	60.	0.	
1996	35.	0.	
1996	8.	0.	
1996	0.	0.	
1996	0.	0.	
1997	0.	0.	
1997	0.	0.	
1997	0.	0.	
1997	0.	0.	
1997	172.	0.	
1997	471.	0.	
1997	303.	0.	
1997	37.	0.	
1997	33.	0.	
1997	12.	0.	
1997	0.	0.	
1997	0.	0.	
1998	0.	0.	
1998	0.	0.	
1998	0.	0.	
1998	0.	0.	
1998	476.	0.	
1998	649.	0.	
1998	303.	0.	
1998	52.	0.	
1998	52.	0.	
1998	10.	0.	
1998	0.	0.	
1998	0.	0.	
1999	0.	0.	
1999	0.	0.	
1999	0.	0.	
1999	0.	0.	
1999	393.	0.	
1999	655.	0.	
1999	284.	0.	
1999	55.	0.	
1999	45.	0.	
1999	12.	0.	
1999	0.	0.	
1999	0.	0.	
2000	0.	0.	
2000	0.	0.	
2000	0.	0.	
2000	9.	0.	
2000	244.	0.	
2000	595.	0.	
2000	298.	0.	
2000	55.	0.	
2000	40.	0.	
2000	20.	0.	
2000	0.	0.	
2000	0.	0.	
2001	0.	0.	
2001	0.	0.	
2001	0.	0.	
2001	13.	0.	
2001	303.	0.	
2001	649.	0.	
2001	476.	0.	
2001	53.	0.	
2001	42.	0.	
2001	20.	0.	
2001	0.	0.	
2001	0.	0.	
2002	0.	0.	
2002	0.	0.	
2002	0.	0.	
2002	19.	0.	
2002	239.	0.	
2002	529.	0.	
2002	291.	0.	
2002	57.	0.	
2002	38.	15.	
2002	7.	0.	
2002	0.	0.	
2002	0.	0.	
2003	0.	0.	
2003	0.	0.	
2003	0.	0.	
2003	4.	0.	
2003	239.	0.	
2003	414.	0.	
2003	277.	0.	
2003	43.	0.	
2003	40.	0.	
2003	28.	0.	
2003	0.	0.	
2003	0.	0.	
2004	0.	0.	
2004	0.	0.	
2004	0.	0.	
2004	17.	0.	
2004	267.	0.	
2004	392.	0.	
2004	253.	0.	
2004	45.	0.	
2004	52.	0.	
2004	15.	0.	
2004	0.	0.	
2004	0.	0.	
2005	0.	0.	
2005	0.	0.	
2005	0.	0.	
2005	7.	0.	
2005	397.	0.	
2005	477.	0.	
2005	277.	0.	
2005	123.	0.	
2005	95.	0.	
2005	15.	0.	
2005	0.	0.	
2005	0.	0.	
2006	0.	0.	
2006	0.	0.	
2006	0.	0.	
2006	15.	0.	
2006	239.	0.	
2006	500.	0.	
2006	250.	0.	
2006	57.	0.	
2006	37.	0.	
2006	3.	0.	
2006	0.	0.	
2006	0.	0.	
2007	0.	0.	
2007	0.	0.	
2007	0.	0.	
2007	11.	0.	
2007	239.	0.	
2007	500.	0.	
2007	277.	0.	
2007	50.	0.	
2007	35.	0.	
2007	15.	0.	
2007	0.	0.	
2007	0.	0.	
2008	0.	0.	
2008	0.	0.	
2008	0.	0.	
2008	0.	0.	
2008	156.	0.	
2008	471.	0.	
2008	286.	0.	
2008	47.	0.	
2008	38.	0.	
2008	15.	0.	
2008	0.	0.	
2008	0.	0.	
2009	0.	0.	
2009	0.	0.	
2009	0.	0.	
2009	2.	0.	
2009	233.	0.	
2009	357.	0.	
2009	236.	0.	
2009	57.	0.	
2009	48.	0.	
2009	7.	0.	
2009	0.	0.	
2009	0.	0.	
2010	0.	0.	
2010	0.	0.	
2010	0.	0.	
2010	0.	0.	
2010	161.	0.	
2010	450.	0.	
2010	255.	0.	
2010	71.	0.	
2010	53.	0.	
2010	12.	0.	
2010	0.	0.	
2010	0.	0.	
2011	0.	0.	
2011	0.	0.	
2011	0.	0.	
2011	0.	0.	
2011	144.	0.	
2011	450.	0.	
2011	232.	0.	
2011	52.	0.	
2011	83.	0.	
2011	10.	0.	
2011	0.	0.	
2011	0.	0.	
2012	0.	0.	
2012	0.	0.	
2012	0.	0.	
2012	19.	0.	
2012	239.	0.	
2012	550.	20.	
2012	218.	0.	
2012	62.	0.	
2012	45.	0.	
2012	13.	0.	
2012	0.	0.	
2012	0.	0.	
2013	0.	0.	
2013	0.	0.	
2013	0.	0.	
2013	0.	0.	
2013	189.	0.	
2013	529.	0.	
2013	250.	0.	
2013	55.	0.	
2013	27.	0.	
