1908	600.	0.	
1908	0.	0.	
1908	0.	0.	
1909	0.	0.	
1909	0.	0.	
1909	0.	0.	
1909	2.	0.	
1909	167.	0.	
1909	536.	0.	
1909	627.	0.	
1909	457.	0.	
1909	375.	0.	
1909	400.	0.	
1909	7.	0.	
1909	0.	0.	
1910	0.	0.	
1910	0.	0.	
1910	0.	0.	
1910	2.	0.	
1910	167.	0.	
1910	558.	0.	
1910	554.	0.	
1910	586.	0.	
1910	557.	0.	
1910	400.	0.	
1910	0.	0.	
1910	0.	0.	
1911	0.	0.	
1911	0.	0.	
1911	0.	0.	
1911	2.	0.	
1911	337.	0.	
1911	558.	0.	
1911	554.	0.	
1911	586.	0.	
1911	486.	0.	
1911	300.	0.	
1911	0.	0.	
1911	0.	0.	
1912	0.	0.	
1912	0.	0.	
1912	0.	0.	
1912	2.	0.	
1912	337.	0.	
1912	536.	0.	
1912	627.	0.	
1912	457.	0.	
1912	375.	0.	
1912	300.	0.	
1912	0.	0.	
1912	0.	0.	
1913	0.	0.	
1913	0.	0.	
1913	0.	0.	
1913	2.	0.	
1913	337.	0.	
1913	558.	0.	
1913	554.	0.	
1913	586.	0.	
1913	557.	0.	
1913	400.	0.	
1913	7.	0.	
1913	0.	0.	
1914	0.	0.	
1914	0.	0.	
1914	0.	0.	
1914	2.	0.	
1914	337.	0.	
1914	536.	0.	
1914	627.	0.	
1914	457.	0.	
1914	557.	0.	
1914	400.	0.	
1914	7.	0.	
1914	0.	0.	
1915	0.	0.	
1915	0.	0.	
1915	0.	0.	
1915	2.	0.	
1915	211.	0.	
1915	558.	0.	
1915	554.	0.	
1915	629.	0.	
1915	486.	0.	
1915	600.	0.	
1915	0.	0.	
1915	0.	0.	
1916	0.	0.	
1916	0.	0.	
1916	0.	0.	
1916	2.	0.	
1916	167.	0.	
1916	536.	0.	
1916	627.	0.	
1916	457.	0.	
1916	375.	0.	
1916	300.	0.	
1916	7.	0.	
1916	0.	0.	
1917	0.	0.	
1917	0.	0.	
1917	0.	0.	
1917	2.	0.	
1917	167.	0.	
1917	536.	0.	
1917	627.	0.	
1917	457.	0.	
1917	375.	0.	
1917	400.	0.	
1917	7.	0.	
1917	0.	0.	
1918	0.	0.	
1918	0.	0.	
1918	0.	0.	
1918	2.	0.	
1918	337.	0.	
1918	536.	0.	
1918	554.	0.	
1918	586.	0.	
1918	375.	0.	
1918	300.	0.	
1918	0.	0.	
1918	0.	0.	
1919	0.	0.	
1919	0.	0.	
1919	0.	0.	
1919	2.	0.	
1919	337.	0.	
1919	558.	0.	
1919	554.	0.	
1919	586.	0.	
1919	557.	119.	
1919	400.	0.	
1919	7.	0.	
1919	0.	0.	
1920	0.	0.	
1920	0.	0.	
1920	0.	0.	
1920	2.	0.	
1920	337.	0.	
1920	536.	0.	
1920	627.	0.	
1920	457.	0.	
1920	557.	0.	
1920	400.	0.	
1920	7.	0.	
1920	0.	0.	
1921	0.	0.	
1921	0.	0.	
1921	0.	0.	
1921	2.	0.	
1921	167.	0.	
1921	536.	0.	
1921	627.	0.	
1921	457.	0.	
1921	375.	0.	
1921	400.	0.	
1921	7.	0.	
1921	0.	0.	
1922	0.	0.	
1922	0.	0.	
1922	0.	0.	
1922	2.	0.	
1922	337.	0.	
1922	558.	0.	
1922	554.	0.	
1922	586.	0.	
1922	557.	0.	
1922	400.	0.	
1922	7.	0.	
1922	0.	0.	
1923	0.	0.	
1923	0.	0.	
1923	0.	0.	
1923	2.	0.	
1923	337.	0.	
1923	536.	0.	
1923	627.	0.	
1923	457.	0.	
1923	375.	0.	
1923	400.	0.	
1923	7.	0.	
1923	0.	0.	
1924	0.	0.	
1924	0.	0.	
1924	0.	0.	
1924	2.	0.	
1924	167.	0.	
1924	536.	0.	
1924	554.	0.	
1924	629.	0.	
1924	557.	0.	
1924	400.	0.	
1924	7.	0.	
1924	0.	0.	
1925	0.	0.	
1925	0.	0.	
1925	0.	0.	
1925	2.	0.	
1925	167.	0.	
1925	558.	0.	
1925	554.	0.	
1925	457.	0.	
1925	375.	0.	
1925	300.	0.	
1925	0.	0.	
1925	0.	0.	
1926	0.	0.	
1926	0.	0.	
1926	0.	0.	
1926	2.	0.	
1926	167.	0.	
1926	558.	0.	
1926	554.	0.	
1926	586.	0.	
1926	557.	0.	
1926	400.	0.	
1926	7.	0.	
1926	0.	0.	
1927	0.	0.	
1927	0.	0.	
1927	0.	0.	
1927	2.	0.	
1927	337.	0.	
1927	536.	0.	
1927	554.	0.	
1927	457.	0.	
1927	375.	0.	
1927	300.	0.	
1927	0.	0.	
1927	0.	0.	
1928	0.	0.	
1928	0.	0.	
1928	0.	0.	
1928	2.	0.	
1928	337.	0.	
1928	558.	0.	
1928	554.	0.	
1928	586.	0.	
1928	557.	92.	
1928	400.	0.	
1928	7.	0.	
1928	0.	0.	
1929	0.	0.	
1929	0.	0.	
1929	0.	0.	
1929	2.	0.	
1929	337.	0.	
1929	536.	0.	
1929	554.	0.	
1929	457.	0.	
1929	375.	0.	
1929	300.	0.	
1929	0.	0.	
1929	0.	0.	
1930	0.	0.	
1930	0.	0.	
1930	0.	0.	
1930	2.	0.	
1930	167.	0.	
1930	558.	0.	
1930	554.	0.	
1930	457.	0.	
1930	557.	0.	
1930	400.	0.	
1930	0.	0.	
1930	0.	0.	
1931	0.	0.	
1931	0.	0.	
1931	0.	0.	
1931	2.	0.	
1931	211.	0.	
1931	626.	0.	
1931	590.	0.	
1931	629.	0.	
1931	486.	0.	
1931	400.	0.	
1931	0.	0.	
1931	0.	0.	
1932	0.	0.	
1932	0.	0.	
1932	0.	0.	
1932	2.	0.	
1932	337.	0.	
1932	536.	0.	
1932	627.	0.	
1932	457.	0.	
1932	557.	0.	
1932	400.	0.	
1932	7.	0.	
1932	0.	0.	
1933	0.	0.	
1933	0.	0.	
1933	0.	0.	
1933	2.	0.	
1933	167.	0.	
1933	536.	0.	
1933	554.	0.	
1933	586.	0.	
1933	557.	0.	
1933	600.	0.	
1933	0.	0.	
1933	0.	0.	
1934	0.	0.	
1934	0.	0.	
1934	0.	0.	
1934	2.	0.	
1934	167.	0.	
1934	626.	0.	
1934	590.	0.	
1934	629.	0.	
1934	486.	0.	
1934	600.	0.	
1934	0.	0.	
1934	0.	0.	
1935	0.	0.	
1935	0.	0.	
1935	0.	0.	
1935	2.	0.	
1935	211.	0.	
1935	536.	0.	
1935	554.	0.	
1935	586.	0.	
1935	557.	0.	
1935	400.	0.	
1935	0.	0.	
1935	0.	0.	
1936	0.	0.	
1936	0.	0.	
1936	0.	0.	
1936	2.	0.	
1936	337.	0.	
1936	558.	0.	
1936	554.	0.	
1936	586.	0.	
1936	557.	0.	
1936	400.	0.	
1936	0.	0.	
1936	0.	0.	
1937	0.	0.	
1937	0.	0.	
1937	0.	0.	
1937	2.	0.	
1937	337.	0.	
1937	558.	0.	
1937	554.	0.	
1937	629.	0.	
1937	557.	0.	
1937	400.	0.	
1937	0.	0.	
1937	0.	0.	
1938	0.	0.	
1938	0.	0.	
1938	0.	0.	
1938	2.	0.	
1938	337.	0.	
1938	536.	0.	
1938	627.	0.	
1938	586.	0.	
1938	375.	0.	
1938	400.	0.	
1938	7.	0.	
1938	0.	0.	
1939	0.	0.	
1939	0.	0.	
1939	0.	0.	
1939	2.	0.	
1939	337.	0.	
1939	558.	0.	
1939	590.	0.	
1939	629.	0.	
1939	557.	0.	
1939	600.	0.	
1939	0.	0.	
1939	0.	0.	
1940	0.	0.	
1940	0.	0.	
1940	0.	0.	
1940	2.	0.	
1940	167.	0.	
1940	626.	0.	
1940	590.	0.	
1940	629.	0.	
1940	557.	0.	
1940	400.	0.	
1940	0.	0.	
1940	0.	0.	
1941	0.	0.	
1941	0.	0.	
1941	0.	0.	
1941	2.	0.	
1941	337.	0.	
1941	558.	0.	
1941	554.	0.	
1941	586.	0.	
1941	557.	0.	
1941	300.	0.	
1941	7.	0.	
1941	0.	0.	
1942	0.	0.	
1942	0.	0.	
1942	0.	0.	
1942	2.	0.	
1942	167.	0.	
1942	536.	0.	
1942	554.	0.	
1942	586.	0.	
1942	486.	0.	
1942	600.	0.	
1942	0.	0.	
1942	0.	0.	
1943	0.	0.	
1943	0.	0.	
1943	0.	0.	
1943	2.	0.	
1943	167.	0.	
1943	558.	0.	
1943	554.	0.	
1943	457.	0.	
1943	557.	0.	
1943	600.	0.	
1943	7.	0.	
1943	0.	0.	
1944	0.	0.	
1944	0.	0.	
1944	0.	0.	
1944	2.	0.	
1944	167.	0.	
1944	558.	0.	
1944	554.	0.	
1944	586.	0.	
1944	486.	0.	
1944	600.	0.	
1944	0.	0.	
1944	0.	0.	
1945	0.	0.	
1945	0.	0.	
1945	0.	0.	
1945	2.	0.	
1945	167.	0.	
1945	558.	0.	
1945	627.	0.	
1945	457.	0.	
1945	557.	0.	
1945	400.	0.	
1945	7.	0.	
1945	0.	0.	
1946	0.	0.	
1946	0.	0.	
1946	0.	0.	
1946	2.	0.	
1946	211.	0.	
1946	558.	0.	
1946	554.	0.	
1946	586.	0.	
1946	486.	0.	
1946	400.	0.	
1946	0.	0.	
1946	0.	0.	
1947	0.	0.	
1947	0.	0.	
1947	0.	0.	
1947	2.	0.	
1947	337.	0.	
1947	536.	0.	
1947	627.	0.	
1947	457.	0.	
1947	375.	0.	
1947	300.	0.	
1947	0.	0.	
1947	0.	0.	
1948	0.	0.	
1948	0.	0.	
1948	0.	0.	
1948	2.	0.	
1948	337.	0.	
1948	558.	0.	
1948	554.	0.	
1948	586.	0.	
1948	486.	0.	
1948	400.	0.	
1948	7.	0.	
1948	0.	0.	
1949	0.	0.	
1949	0.	0.	
1949	0.	0.	
1949	2.	0.	
1949	167.	0.	
1949	558.	0.	
1949	627.	0.	
1949	586.	0.	
1949	557.	0.	
1949	400.	0.	
1949	7.	0.	
1949	0.	0.	
1950	0.	0.	
1950	0.	0.	
1950	0.	0.	
1950	0.	0.	
1950	80.	0.	
1950	583.	0.	
1950	492.	0.	
1950	629.	0.	
1950	486.	0.	
1950	1000.	625.	
1950	7.	0.	
1950	0.	0.	
1951	0.	0.	
1951	0.	0.	
1951	0.	0.	
1951	0.	0.	
1951	133.	0.	
1951	456.	0.	
1951	577.	0.	
1951	561.	0.	
1951	486.	0.	
1951	381.	0.	
1951	7.	0.	
1951	0.	0.	
1952	0.	0.	
1952	0.	0.	
1952	0.	0.	
1952	2.	0.	
1952	337.	0.	
1952	650.	0.	
1952	538.	0.	
1952	388.	0.	
1952	557.	0.	
1952	800.	360.	
1952	7.	0.	
1952	0.	0.	
1953	0.	0.	
1953	0.	0.	
1953	0.	0.	
1953	0.	0.	
1953	211.	0.	
1953	600.	0.	
1953	600.	0.	
1953	571.	0.	
1953	486.	123.	
1953	600.	0.	
1953	7.	0.	
1953	0.	0.	
1954	0.	0.	
1954	0.	0.	
1954	0.	0.	
1954	7.	0.	
1954	211.	0.	
1954	626.	0.	
1954	590.	0.	
1954	571.	0.	
1954	486.	0.	
1954	600.	0.	
1954	0.	0.	
1954	0.	0.	
1955	0.	0.	
1955	0.	0.	
1955	0.	0.	
1955	0.	0.	
1955	133.	0.	
1955	626.	0.	
1955	569.	0.	
1955	586.	0.	
1955	486.	361.	
1955	400.	0.	
1955	0.	0.	
1955	0.	0.	
1956	0.	0.	
1956	0.	0.	
1956	0.	0.	
1956	0.	0.	
1956	247.	0.	
1956	625.	0.	
1956	590.	0.	
1956	530.	0.	
1956	486.	361.	
1956	400.	25.	
1956	0.	0.	
1956	0.	0.	
1957	0.	0.	
1957	0.	0.	
1957	0.	0.	
1957	0.	0.	
1957	107.	0.	
1957	536.	0.	
1957	627.	0.	
1957	571.	0.	
1957	325.	0.	
1957	400.	0.	
1957	7.	0.	
1957	0.	0.	
1958	0.	0.	
1958	0.	0.	
1958	0.	0.	
1958	0.	0.	
1958	337.	0.	
1958	608.	0.	
1958	590.	0.	
1958	586.	0.	
1958	486.	0.	
1958	370.	0.	
1958	0.	0.	
1958	0.	0.	
1959	0.	0.	
1959	0.	0.	
1959	0.	0.	
1959	0.	0.	
1959	160.	0.	
1959	608.	0.	
1959	546.	0.	
1959	557.	0.	
1959	417.	0.	
1959	200.	0.	
1959	0.	0.	
1959	0.	0.	
1960	0.	0.	
1960	0.	0.	
1960	0.	0.	
1960	12.	0.	
1960	127.	0.	
1960	542.	0.	
1960	538.	0.	
1960	529.	0.	
1960	350.	0.	
1960	300.	0.	
1960	0.	0.	
1960	0.	0.	
1961	0.	0.	
1961	0.	0.	
1961	0.	0.	
1961	0.	0.	
1961	167.	0.	
1961	642.	0.	
1961	592.	0.	
1961	629.	0.	
1961	325.	0.	
1961	500.	0.	
1961	7.	0.	
1961	0.	0.	
1962	0.	0.	
1962	0.	0.	
1962	0.	0.	
1962	7.	0.	
1962	233.	0.	
1962	617.	0.	
1962	627.	0.	
1962	614.	0.	
1962	557.	0.	
1962	800.	0.	
1962	7.	0.	
1962	0.	0.	
1963	0.	0.	
1963	0.	0.	
1963	0.	0.	
1963	8.	0.	
1963	313.	0.	
1963	633.	0.	
1963	669.	0.	
1963	629.	0.	
1963	557.	0.	
1963	900.	76.	
1963	0.	0.	
1963	0.	0.	
1964	0.	0.	
1964	0.	0.	
1964	0.	0.	
1964	0.	0.	
1964	200.	0.	
1964	508.	0.	
1964	492.	0.	
1964	492.	0.	
1964	381.	0.	
1964	700.	0.	
1964	0.	0.	
1964	0.	0.	
1965	0.	0.	
1965	0.	0.	
1965	0.	0.	
1965	0.	0.	
1965	107.	0.	
1965	536.	0.	
1965	627.	0.	
1965	629.	0.	
1965	261.	0.	
1965	800.	0.	
1965	0.	0.	
1965	0.	0.	
1966	0.	0.	
1966	0.	0.	
1966	0.	0.	
1966	5.	0.	
1966	180.	0.	
1966	626.	0.	
1966	590.	0.	
1966	530.	0.	
1966	486.	123.	
1966	370.	0.	
1966	0.	0.	
1966	0.	0.	
1967	0.	0.	
1967	0.	0.	
1967	0.	0.	
1967	0.	0.	
1967	160.	0.	
1967	517.	0.	
1967	623.	0.	
1967	643.	0.	
1967	557.	0.	
1967	700.	0.	
1967	0.	0.	
1967	0.	0.	
1968	0.	0.	
1968	0.	0.	
1968	0.	0.	
1968	0.	0.	
1968	211.	0.	
1968	667.	0.	
1968	455.	0.	
1968	388.	0.	
1968	557.	0.	
1968	600.	0.	
1968	7.	0.	
1968	0.	0.	
1969	0.	0.	
1969	0.	0.	
1969	0.	0.	
1969	8.	0.	
1969	320.	0.	
1969	626.	0.	
1969	623.	0.	
1969	757.	0.	
1969	557.	0.	
1969	169.	0.	
1969	7.	0.	
1969	0.	0.	
1970	0.	0.	
1970	0.	0.	
1970	0.	0.	
1970	0.	0.	
1970	337.	0.	
1970	600.	0.	
1970	631.	0.	
1970	571.	0.	
1970	261.	0.	
1970	169.	0.	
1970	0.	0.	
1970	0.	0.	
1971	0.	0.	
1971	0.	0.	
1971	0.	0.	
1971	2.	0.	
1971	133.	0.	
1971	675.	0.	
1971	592.	0.	
1971	657.	0.	
1971	557.	0.	
1971	400.	0.	
1971	0.	0.	
1971	0.	0.	
1972	0.	0.	
1972	0.	0.	
1972	0.	0.	
1972	2.	0.	
1972	227.	0.	
1972	583.	0.	
1972	685.	0.	
1972	629.	0.	
1972	557.	0.	
1972	600.	0.	
1972	0.	0.	
1972	0.	0.	
1973	0.	0.	
1973	0.	0.	
1973	0.	0.	
1973	0.	0.	
1973	133.	0.	
1973	458.	0.	
1973	627.	0.	
1973	586.	0.	
1973	557.	0.	
1973	800.	0.	
1973	0.	0.	
1973	0.	0.	
1974	0.	0.	
1974	0.	0.	
1974	0.	0.	
1974	2.	0.	
1974	267.	0.	
1974	600.	0.	
1974	515.	0.	
1974	571.	0.	
1974	486.	0.	
1974	600.	0.	
1974	0.	0.	
1974	0.	0.	
1975	0.	0.	
1975	0.	0.	
1975	0.	0.	
1975	0.	0.	
1975	476.	0.	
1975	893.	0.	
1975	922.	0.	
1975	922.	0.	
1975	875.	0.	
1975	300.	0.	
1975	0.	0.	
1975	0.	0.	
1976	0.	0.	
1976	0.	0.	
1976	0.	0.	
1976	0.	0.	
1976	655.	0.	
1976	893.	0.	
1976	922.	0.	
1976	922.	0.	
1976	900.	103.	
1976	893.	380.	
1976	0.	0.	
1976	0.	0.	
1977	0.	0.	
1977	0.	0.	
1977	0.	0.	
1977	0.	0.	
1977	502.	0.	
1977	893.	0.	
1977	922.	98.	
1977	922.	547.	
1977	893.	530.	
1977	922.	793.	
1977	0.	0.	
1977	0.	0.	
1978	0.	0.	
1978	0.	0.	
1978	0.	0.	
1978	0.	0.	
1978	147.	0.	
1978	893.	0.	
1978	922.	0.	
1978	922.	0.	
1978	893.	0.	
1978	922.	208.	
1978	0.	0.	
1978	0.	0.	
1979	0.	0.	
1979	0.	0.	
1979	0.	0.	
1979	0.	0.	
1979	100.	0.	
1979	893.	0.	
1979	922.	0.	
1979	922.	0.	
1979	893.	0.	
1979	922.	98.	
1979	0.	0.	
1979	0.	0.	
1980	0.	0.	
1980	0.	0.	
1980	0.	0.	
1980	0.	0.	
1980	153.	0.	
1980	893.	0.	
1980	922.	0.	
1980	922.	0.	
1980	893.	0.	
1980	922.	0.	
1980	0.	0.	
1980	0.	0.	
1981	0.	0.	
1981	0.	0.	
1981	0.	0.	
1981	5.	0.	
1981	107.	0.	
1981	893.	0.	
1981	922.	0.	
1981	922.	98.	
1981	893.	96.	
1981	500.	0.	
1981	0.	0.	
1981	0.	0.	
1982	0.	0.	
1982	0.	0.	
1982	0.	0.	
1982	0.	0.	
1982	127.	0.	
1982	893.	0.	
1982	922.	0.	
1982	922.	0.	
1982	975.	0.	
1982	100.	0.	
1982	0.	0.	
1982	0.	0.	
1983	0.	0.	
1983	0.	0.	
1983	0.	0.	
1983	0.	0.	
1983	47.	0.	
1983	893.	0.	
1983	922.	0.	
1983	922.	0.	
1983	1000.	5.	
1983	922.	0.	
1983	0.	0.	
1983	0.	0.	
1984	0.	0.	
1984	0.	0.	
1984	0.	0.	
1984	0.	0.	
1984	506.	0.	
1984	893.	0.	
1984	922.	0.	
1984	922.	0.	
1984	893.	0.	
1984	922.	0.	
1984	0.	0.	
1984	0.	0.	
1985	0.	0.	
1985	0.	0.	
1985	0.	0.	
1985	0.	0.	
1985	506.	0.	
1985	893.	0.	
1985	922.	0.	
1985	571.	0.	
1985	315.	0.	
1985	0.	0.	
1985	0.	0.	
1985	0.	0.	
1986	0.	0.	
1986	0.	0.	
1986	0.	0.	
1986	0.	0.	
1986	270.	0.	
1986	625.	0.	
1986	492.	0.	
1986	629.	0.	
1986	384.	0.	
1986	200.	0.	
1986	0.	0.	
1986	0.	0.	
1987	0.	0.	
1987	0.	0.	
1987	0.	0.	
1987	0.	0.	
1987	207.	0.	
1987	600.	0.	
1987	496.	0.	
1987	757.	0.	
1987	725.	0.	
1987	800.	0.	
1987	0.	0.	
1987	0.	0.	
1988	0.	0.	
1988	0.	0.	
1988	0.	0.	
1988	0.	0.	
1988	553.	0.	
1988	583.	0.	
1988	692.	0.	
1988	871.	0.	
1988	750.	0.	
1988	800.	0.	
1988	0.	0.	
1988	0.	0.	
1989	0.	0.	
1989	0.	0.	
1989	0.	0.	
1989	5.	0.	
1989	523.	0.	
1989	592.	0.	
1989	708.	0.	
1989	571.	0.	
1989	375.	0.	
1989	500.	0.	
1989	0.	0.	
1989	0.	0.	
1990	0.	0.	
1990	0.	0.	
1990	0.	0.	
1990	3.	0.	
1990	187.	0.	
1990	700.	0.	
1990	577.	0.	
1990	800.	0.	
1990	1025.	228.	
1990	507.	0.	
1990	0.	0.	
1990	0.	0.	
1991	0.	0.	
1991	0.	0.	
1991	0.	0.	
1991	0.	0.	
1991	180.	0.	
1991	650.	0.	
1991	608.	0.	
1991	543.	0.	
1991	475.	0.	
1991	600.	0.	
1991	0.	0.	
1991	0.	0.	
1992	0.	0.	
1992	0.	0.	
1992	0.	0.	
1992	10.	0.	
1992	247.	0.	
1992	625.	0.	
1992	562.	0.	
1992	514.	0.	
1992	350.	0.	
1992	600.	0.	
1992	119.	0.	
1992	0.	0.	
1993	0.	0.	
1993	0.	0.	
1993	0.	0.	
1993	0.	0.	
1993	120.	0.	
1993	583.	0.	
1993	446.	0.	
1993	229.	0.	
1993	300.	0.	
1993	202.	0.	
1993	0.	0.	
1993	0.	0.	
1994	0.	0.	
1994	0.	0.	
1994	0.	0.	
1994	0.	0.	
1994	214.	0.	
1994	642.	0.	
1994	482.	0.	
1994	373.	0.	
1994	375.	0.	
1994	254.	0.	
1994	0.	0.	
1994	0.	0.	
1995	0.	0.	
1995	0.	0.	
1995	0.	0.	
1995	0.	0.	
1995	80.	0.	
1995	292.	0.	
1995	215.	0.	
1995	257.	0.	
1995	300.	0.	
1995	100.	0.	
1995	0.	0.	
1995	0.	0.	
1996	0.	0.	
1996	0.	0.	
1996	0.	0.	
1996	2.	0.	
1996	193.	0.	
1996	542.	0.	
1996	369.	0.	
1996	243.	0.	
1996	300.	0.	
1996	200.	0.	
1996	0.	0.	
1996	0.	0.	
1997	0.	0.	
1997	0.	0.	
1997	0.	0.	
1997	0.	0.	
1997	173.	0.	
1997	592.	0.	
1997	638.	0.	
1997	329.	0.	
1997	575.	0.	
1997	300.	0.	
1997	0.	0.	
1997	0.	0.	
1998	0.	0.	
1998	0.	0.	
1998	0.	0.	
1998	0.	0.	
1998	140.	0.	
1998	367.	0.	
1998	492.	0.	
1998	429.	0.	
1998	400.	0.	
1998	300.	0.	
1998	0.	0.	
1998	0.	0.	
1999	0.	0.	
1999	0.	0.	
1999	0.	0.	
1999	0.	0.	
1999	80.	0.	
1999	467.	0.	
1999	546.	0.	
1999	300.	0.	
1999	250.	0.	
1999	100.	0.	
1999	0.	0.	
1999	0.	0.	
2000	0.	0.	
2000	0.	0.	
2000	0.	0.	
2000	0.	0.	
2000	140.	0.	
2000	797.	0.	
2000	824.	0.	
2000	1028.	0.	
2000	797.	0.	
2000	900.	178.	
2000	7.	0.	
2000	0.	0.	
2001	0.	0.	
2001	0.	0.	
2001	0.	0.	
2001	5.	0.	
2001	207.	0.	
2001	642.	0.	
2001	646.	0.	
2001	561.	0.	
2001	557.	0.	
2001	381.	0.	
2001	7.	0.	
2001	0.	0.	
2002	0.	0.	
2002	0.	0.	
2002	0.	0.	
2002	0.	0.	
2002	211.	0.	
2002	725.	0.	
2002	731.	587.	
2002	729.	600.	
2002	486.	0.	
2002	500.	125.	
2002	0.	0.	
2002	0.	0.	
2003	0.	0.	
2003	0.	0.	
2003	0.	0.	
2003	0.	0.	
2003	127.	0.	
2003	611.	0.	
2003	692.	0.	
2003	696.	0.	
2003	655.	0.	
2003	900.	525.	
2003	7.	0.	
2003	0.	0.	
2004	0.	0.	
2004	0.	0.	
2004	0.	0.	
2004	5.	0.	
2004	211.	0.	
2004	626.	0.	
2004	590.	0.	
2004	530.	0.	
2004	557.	0.	
2004	400.	0.	
2004	7.	0.	
2004	0.	0.	
2005	0.	0.	
2005	0.	0.	
2005	0.	0.	
2005	0.	0.	
2005	153.	0.	
2005	467.	0.	
2005	677.	0.	
2005	671.	0.	
2005	557.	0.	
2005	600.	0.	
2005	0.	0.	
2005	0.	0.	
2006	0.	0.	
2006	0.	0.	
2006	0.	0.	
2006	10.	0.	
2006	320.	0.	
2006	683.	0.	
2006	531.	0.	
2006	586.	0.	
2006	557.	0.	
2006	169.	0.	
2006	0.	0.	
2006	0.	0.	
2007	0.	0.	
2007	0.	0.	
2007	0.	0.	
2007	5.	0.	
2007	227.	0.	
2007	700.	0.	
2007	738.	0.	
2007	686.	0.	
2007	375.	0.	
2007	600.	0.	
2007	7.	0.	
2007	0.	0.	
2008	0.	0.	
2008	0.	0.	
2008	0.	0.	
2008	0.	0.	
2008	93.	0.	
2008	517.	0.	
2008	627.	0.	
2008	571.	0.	
2008	557.	0.	
2008	381.	0.	
2008	7.	0.	
2008	0.	0.	
2009	0.	0.	
2009	0.	0.	
2009	0.	0.	
2009	2.	0.	
2009	337.	0.	
2009	558.	0.	
2009	569.	0.	
2009	561.	0.	
2009	557.	0.	
2009	381.	0.	
2009	0.	0.	
2009	0.	0.	
2010	0.	0.	
2010	0.	0.	
2010	0.	0.	
2010	0.	0.	
2010	100.	0.	
2010	608.	0.	
2010	608.	0.	
2010	600.	0.	
2010	350.	0.	
2010	500.	0.	
2010	7.	0.	
2010	0.	0.	
2011	0.	0.	
2011	0.	0.	
2011	0.	0.	
2011	0.	0.	
2011	80.	0.	
2011	536.	0.	
2011	627.	0.	
2011	614.	0.	
2011	350.	0.	
2011	300.	0.	
2011	0.	0.	
2011	0.	0.	
2012	0.	0.	
2012	0.	0.	
2012	0.	0.	
2012	7.	0.	
2012	227.	0.	
2012	667.	0.	
2012	623.	0.	
2012	586.	0.	
2012	486.	0.	
2012	400.	0.	
2012	0.	0.	
2012	0.	0.	
2013	0.	0.	
2013	0.	0.	
2013	0.	0.	
2013	0.	0.	
2013	211.	0.	
2013	626.	0.	
2013	600.	0.	
2013	586.	0.	
2013	557.	0.	
