1908	82.	0.	
1908	0.	0.	
1908	0.	0.	
1909	0.	0.	
1909	0.	0.	
1909	0.	0.	
1909	45.	0.	
1909	968.	0.	
1909	1741.	0.	
1909	988.	0.	
1909	335.	0.	
1909	363.	0.	
1909	82.	0.	
1909	0.	0.	
1909	0.	0.	
1910	0.	0.	
1910	0.	0.	
1910	0.	0.	
1910	39.	0.	
1910	979.	0.	
1910	2088.	106.	
1910	924.	0.	
1910	390.	0.	
1910	356.	0.	
1910	77.	0.	
1910	0.	0.	
1910	0.	0.	
1911	0.	0.	
1911	0.	0.	
1911	0.	0.	
1911	39.	0.	
1911	968.	0.	
1911	1741.	0.	
1911	988.	0.	
1911	335.	0.	
1911	363.	0.	
1911	77.	0.	
1911	0.	0.	
1911	0.	0.	
1912	0.	0.	
1912	0.	0.	
1912	0.	0.	
1912	39.	0.	
1912	968.	0.	
1912	1741.	0.	
1912	988.	0.	
1912	335.	0.	
1912	363.	0.	
1912	82.	0.	
1912	0.	0.	
1912	0.	0.	
1913	0.	0.	
1913	0.	0.	
1913	0.	0.	
1913	39.	0.	
1913	979.	0.	
1913	2088.	106.	
1913	924.	0.	
1913	390.	0.	
1913	356.	0.	
1913	77.	0.	
1913	0.	0.	
1913	0.	0.	
1914	0.	0.	
1914	0.	0.	
1914	0.	0.	
1914	45.	0.	
1914	968.	0.	
1914	1741.	0.	
1914	988.	0.	
1914	335.	0.	
1914	363.	0.	
1914	77.	0.	
1914	0.	0.	
1914	0.	0.	
1915	0.	0.	
1915	0.	0.	
1915	0.	0.	
1915	45.	0.	
1915	979.	0.	
1915	1741.	0.	
1915	988.	0.	
1915	335.	0.	
1915	363.	0.	
1915	77.	0.	
1915	0.	0.	
1915	0.	0.	
1916	0.	0.	
1916	0.	0.	
1916	0.	0.	
1916	45.	0.	
1916	968.	0.	
1916	1741.	0.	
1916	988.	0.	
1916	335.	0.	
1916	363.	0.	
1916	77.	0.	
1916	0.	0.	
1916	0.	0.	
1917	0.	0.	
1917	0.	0.	
1917	0.	0.	
1917	45.	0.	
1917	979.	0.	
1917	1741.	0.	
1917	988.	0.	
1917	335.	0.	
1917	363.	0.	
1917	82.	0.	
1917	0.	0.	
1917	0.	0.	
1918	0.	0.	
1918	0.	0.	
1918	0.	0.	
1918	39.	0.	
1918	968.	0.	
1918	1741.	0.	
1918	988.	0.	
1918	335.	0.	
1918	363.	0.	
1918	77.	0.	
1918	0.	0.	
1918	0.	0.	
1919	0.	0.	
1919	0.	0.	
1919	0.	0.	
1919	45.	0.	
1919	968.	0.	
1919	2088.	106.	
1919	924.	0.	
1919	335.	0.	
1919	363.	0.	
1919	82.	0.	
1919	0.	0.	
1919	0.	0.	
1920	0.	0.	
1920	0.	0.	
1920	0.	0.	
1920	45.	0.	
1920	968.	0.	
1920	1741.	0.	
1920	988.	0.	
1920	335.	0.	
1920	363.	0.	
1920	77.	0.	
1920	0.	0.	
1920	0.	0.	
1921	0.	0.	
1921	0.	0.	
1921	0.	0.	
1921	39.	0.	
1921	968.	0.	
1921	1741.	0.	
1921	988.	0.	
1921	335.	0.	
1921	363.	0.	
1921	77.	0.	
1921	0.	0.	
1921	0.	0.	
1922	0.	0.	
1922	0.	0.	
1922	0.	0.	
1922	39.	0.	
1922	968.	0.	
1922	2088.	106.	
1922	924.	0.	
1922	335.	0.	
1922	356.	0.	
1922	82.	0.	
1922	0.	0.	
1922	0.	0.	
1923	0.	0.	
1923	0.	0.	
1923	0.	0.	
1923	39.	0.	
1923	968.	0.	
1923	1741.	0.	
1923	988.	0.	
1923	335.	0.	
1923	363.	0.	
1923	77.	0.	
1923	0.	0.	
1923	0.	0.	
1924	0.	0.	
1924	0.	0.	
1924	0.	0.	
1924	39.	0.	
1924	968.	0.	
1924	1741.	0.	
1924	988.	0.	
1924	390.	0.	
1924	356.	0.	
1924	82.	0.	
1924	0.	0.	
1924	0.	0.	
1925	0.	0.	
1925	0.	0.	
1925	0.	0.	
1925	39.	0.	
1925	979.	0.	
1925	2088.	106.	
1925	924.	0.	
1925	390.	0.	
1925	356.	0.	
1925	77.	0.	
1925	0.	0.	
1925	0.	0.	
1926	0.	0.	
1926	0.	0.	
1926	0.	0.	
1926	45.	0.	
1926	968.	0.	
1926	1741.	0.	
1926	988.	0.	
1926	335.	0.	
1926	363.	0.	
1926	77.	0.	
1926	0.	0.	
1926	0.	0.	
1927	0.	0.	
1927	0.	0.	
1927	0.	0.	
1927	45.	0.	
1927	968.	0.	
1927	1741.	0.	
1927	988.	0.	
1927	335.	0.	
1927	363.	0.	
1927	77.	0.	
1927	0.	0.	
1927	0.	0.	
1928	0.	0.	
1928	0.	0.	
1928	0.	0.	
1928	39.	0.	
1928	968.	0.	
1928	1741.	0.	
1928	988.	0.	
1928	335.	0.	
1928	356.	0.	
1928	82.	0.	
1928	0.	0.	
1928	0.	0.	
1929	0.	0.	
1929	0.	0.	
1929	0.	0.	
1929	39.	0.	
1929	979.	0.	
1929	2088.	106.	
1929	924.	0.	
1929	390.	0.	
1929	356.	0.	
1929	77.	0.	
1929	0.	0.	
1929	0.	0.	
1930	0.	0.	
1930	0.	0.	
1930	0.	0.	
1930	45.	0.	
1930	979.	0.	
1930	2088.	106.	
1930	924.	0.	
1930	335.	0.	
1930	363.	0.	
1930	77.	0.	
1930	0.	0.	
1930	0.	0.	
1931	0.	0.	
1931	0.	0.	
1931	0.	0.	
1931	39.	0.	
1931	979.	0.	
1931	2088.	106.	
1931	924.	0.	
1931	335.	0.	
1931	363.	0.	
1931	77.	0.	
1931	0.	0.	
1931	0.	0.	
1932	0.	0.	
1932	0.	0.	
1932	0.	0.	
1932	45.	0.	
1932	968.	0.	
1932	1741.	0.	
1932	988.	0.	
1932	335.	0.	
1932	356.	0.	
1932	82.	0.	
1932	0.	0.	
1932	0.	0.	
1933	0.	0.	
1933	0.	0.	
1933	0.	0.	
1933	39.	0.	
1933	979.	0.	
1933	1741.	0.	
1933	988.	0.	
1933	390.	0.	
1933	363.	0.	
1933	77.	0.	
1933	0.	0.	
1933	0.	0.	
1934	0.	0.	
1934	0.	0.	
1934	0.	0.	
1934	45.	0.	
1934	968.	0.	
1934	2088.	106.	
1934	863.	0.	
1934	390.	0.	
1934	356.	0.	
1934	82.	0.	
1934	0.	0.	
1934	0.	0.	
1935	0.	0.	
1935	0.	0.	
1935	0.	0.	
1935	39.	0.	
1935	979.	0.	
1935	1741.	0.	
1935	988.	0.	
1935	335.	0.	
1935	363.	0.	
1935	82.	0.	
1935	0.	0.	
1935	0.	0.	
1936	0.	0.	
1936	0.	0.	
1936	0.	0.	
1936	45.	0.	
1936	968.	0.	
1936	1741.	0.	
1936	924.	0.	
1936	335.	0.	
1936	363.	0.	
1936	77.	0.	
1936	0.	0.	
1936	0.	0.	
1937	0.	0.	
1937	0.	0.	
1937	0.	0.	
1937	39.	0.	
1937	979.	0.	
1937	2088.	106.	
1937	924.	0.	
1937	390.	0.	
1937	363.	0.	
1937	77.	0.	
1937	0.	0.	
1937	0.	0.	
1938	0.	0.	
1938	0.	0.	
1938	0.	0.	
1938	45.	0.	
1938	968.	0.	
1938	1741.	0.	
1938	988.	0.	
1938	335.	0.	
1938	363.	0.	
1938	77.	0.	
1938	0.	0.	
1938	0.	0.	
1939	0.	0.	
1939	0.	0.	
1939	0.	0.	
1939	45.	0.	
1939	968.	0.	
1939	2088.	106.	
1939	924.	0.	
1939	390.	0.	
1939	356.	0.	
1939	82.	0.	
1939	0.	0.	
1939	0.	0.	
1940	0.	0.	
1940	0.	0.	
1940	0.	0.	
1940	39.	0.	
1940	979.	0.	
1940	2088.	106.	
1940	924.	0.	
1940	390.	0.	
1940	363.	0.	
1940	77.	0.	
1940	0.	0.	
1940	0.	0.	
1941	0.	0.	
1941	0.	0.	
1941	0.	0.	
1941	39.	0.	
1941	968.	0.	
1941	2088.	106.	
1941	924.	0.	
1941	390.	0.	
1941	356.	0.	
1941	77.	0.	
1941	0.	0.	
1941	0.	0.	
1942	0.	0.	
1942	0.	0.	
1942	0.	0.	
1942	45.	0.	
1942	979.	0.	
1942	1741.	0.	
1942	924.	0.	
1942	390.	0.	
1942	356.	0.	
1942	82.	0.	
1942	0.	0.	
1942	0.	0.	
1943	0.	0.	
1943	0.	0.	
1943	0.	0.	
1943	45.	0.	
1943	979.	0.	
1943	2088.	106.	
1943	924.	0.	
1943	390.	0.	
1943	356.	0.	
1943	82.	0.	
1943	0.	0.	
1943	0.	0.	
1944	0.	0.	
1944	0.	0.	
1944	0.	0.	
1944	39.	0.	
1944	979.	0.	
1944	1741.	0.	
1944	924.	0.	
1944	390.	0.	
1944	356.	0.	
1944	82.	0.	
1944	0.	0.	
1944	0.	0.	
1945	0.	0.	
1945	0.	0.	
1945	0.	0.	
1945	39.	0.	
1945	979.	0.	
1945	2088.	106.	
1945	988.	0.	
1945	335.	0.	
1945	356.	0.	
1945	77.	0.	
1945	0.	0.	
1945	0.	0.	
1946	0.	0.	
1946	0.	0.	
1946	0.	0.	
1946	45.	0.	
1946	979.	0.	
1946	2088.	106.	
1946	924.	0.	
1946	390.	0.	
1946	356.	0.	
1946	82.	0.	
1946	0.	0.	
1946	0.	0.	
1947	0.	0.	
1947	0.	0.	
1947	0.	0.	
1947	39.	0.	
1947	968.	0.	
1947	1741.	0.	
1947	988.	0.	
1947	335.	0.	
1947	363.	0.	
1947	77.	0.	
1947	0.	0.	
1947	0.	0.	
1948	0.	0.	
1948	0.	0.	
1948	0.	0.	
1948	45.	0.	
1948	968.	0.	
1948	2088.	106.	
1948	924.	0.	
1948	390.	0.	
1948	356.	0.	
1948	82.	0.	
1948	0.	0.	
1948	0.	0.	
1949	0.	0.	
1949	0.	0.	
1949	0.	0.	
1949	45.	0.	
1949	968.	0.	
1949	1741.	0.	
1949	988.	0.	
1949	390.	0.	
1949	356.	0.	
1949	82.	0.	
1949	0.	0.	
1949	0.	0.	
1950	0.	0.	
1950	0.	0.	
1950	0.	0.	
1950	39.	0.	
1950	938.	0.	
1950	2088.	106.	
1950	857.	0.	
1950	427.	0.	
1950	332.	0.	
1950	215.	0.	
1950	0.	0.	
1950	0.	0.	
1951	0.	0.	
1951	0.	0.	
1951	0.	0.	
1951	39.	0.	
1951	1036.	0.	
1951	2088.	106.	
1951	924.	0.	
1951	318.	0.	
1951	408.	0.	
1951	50.	0.	
1951	0.	0.	
1951	0.	0.	
1952	0.	0.	
1952	0.	0.	
1952	0.	0.	
1952	45.	0.	
1952	989.	0.	
1952	2088.	106.	
1952	924.	0.	
1952	348.	0.	
1952	481.	0.	
1952	148.	0.	
1952	0.	0.	
1952	0.	0.	
1953	0.	0.	
1953	0.	0.	
1953	0.	0.	
1953	28.	0.	
1953	938.	0.	
1953	2088.	106.	
1953	924.	0.	
1953	338.	0.	
1953	427.	0.	
1953	105.	0.	
1953	0.	0.	
1953	0.	0.	
1954	0.	0.	
1954	0.	0.	
1954	0.	0.	
1954	75.	0.	
1954	1175.	0.	
1954	1850.	0.	
1954	835.	0.	
1954	397.	0.	
1954	469.	0.	
1954	95.	0.	
1954	0.	0.	
1954	0.	0.	
1955	0.	0.	
1955	0.	0.	
1955	0.	0.	
1955	39.	0.	
1955	1092.	0.	
1955	1658.	0.	
1955	865.	0.	
1955	382.	0.	
1955	469.	0.	
1955	92.	0.	
1955	0.	0.	
1955	0.	0.	
1956	0.	0.	
1956	0.	0.	
1956	0.	0.	
1956	39.	0.	
1956	1150.	0.	
1956	1977.	0.	
1956	794.	0.	
1956	347.	0.	
1956	469.	0.	
1956	107.	0.	
1956	0.	0.	
1956	0.	0.	
1957	0.	0.	
1957	0.	0.	
1957	0.	0.	
1957	39.	0.	
1957	938.	0.	
1957	2088.	106.	
1957	924.	0.	
1957	400.	0.	
1957	360.	0.	
1957	72.	0.	
1957	0.	0.	
1957	0.	0.	
1958	0.	0.	
1958	0.	0.	
1958	0.	0.	
1958	39.	0.	
1958	1125.	0.	
1958	2088.	106.	
1958	841.	0.	
1958	390.	0.	
1958	469.	0.	
1958	92.	0.	
1958	0.	0.	
1958	0.	0.	
1959	0.	0.	
1959	0.	0.	
1959	0.	0.	
1959	39.	0.	
1959	957.	0.	
1959	2088.	106.	
1959	800.	0.	
1959	385.	0.	
1959	469.	0.	
1959	27.	0.	
1959	0.	0.	
1959	0.	0.	
1960	0.	0.	
1960	0.	0.	
1960	0.	0.	
1960	39.	0.	
1960	938.	0.	
1960	2088.	106.	
1960	847.	0.	
1960	417.	0.	
1960	469.	0.	
1960	92.	0.	
1960	0.	0.	
1960	0.	0.	
1961	0.	0.	
1961	0.	0.	
1961	0.	0.	
1961	28.	0.	
1961	1092.	0.	
1961	1846.	0.	
1961	755.	0.	
1961	383.	0.	
1961	332.	0.	
1961	30.	0.	
1961	0.	0.	
1961	0.	0.	
1962	0.	0.	
1962	0.	0.	
1962	0.	0.	
1962	45.	0.	
1962	1089.	0.	
1962	2088.	106.	
1962	924.	0.	
1962	422.	0.	
1962	387.	0.	
1962	113.	0.	
1962	0.	0.	
1962	0.	0.	
1963	0.	0.	
1963	0.	0.	
1963	0.	0.	
1963	28.	0.	
1963	1168.	0.	
1963	1727.	0.	
1963	929.	0.	
1963	337.	0.	
1963	469.	0.	
1963	198.	0.	
1963	0.	0.	
1963	0.	0.	
1964	0.	0.	
1964	0.	0.	
1964	0.	0.	
1964	28.	0.	
1964	1096.	0.	
1964	1650.	0.	
1964	894.	0.	
1964	330.	0.	
1964	469.	0.	
1964	110.	0.	
1964	0.	0.	
1964	0.	0.	
1965	0.	0.	
1965	0.	0.	
1965	0.	0.	
1965	39.	0.	
1965	943.	0.	
1965	2088.	106.	
1965	924.	0.	
1965	350.	0.	
1965	332.	0.	
1965	153.	0.	
1965	0.	0.	
1965	0.	0.	
1966	0.	0.	
1966	0.	0.	
1966	0.	0.	
1966	28.	0.	
1966	1207.	0.	
1966	1877.	0.	
1966	900.	0.	
1966	408.	0.	
1966	469.	0.	
1966	92.	0.	
1966	0.	0.	
1966	0.	0.	
1967	0.	0.	
1967	0.	0.	
1967	0.	0.	
1967	39.	0.	
1967	1092.	0.	
1967	2088.	106.	
1967	924.	0.	
1967	335.	0.	
1967	469.	0.	
1967	105.	0.	
1967	0.	0.	
1967	0.	0.	
1968	0.	0.	
1968	0.	0.	
1968	0.	0.	
1968	28.	0.	
1968	1092.	0.	
1968	2088.	106.	
1968	886.	0.	
1968	365.	0.	
1968	469.	0.	
1968	92.	0.	
1968	0.	0.	
1968	0.	0.	
1969	0.	0.	
1969	0.	0.	
1969	0.	0.	
1969	87.	0.	
1969	1193.	0.	
1969	2088.	106.	
1969	924.	0.	
1969	427.	0.	
1969	404.	0.	
1969	27.	0.	
1969	0.	0.	
1969	0.	0.	
1970	0.	0.	
1970	0.	0.	
1970	0.	0.	
1970	39.	0.	
1970	1054.	0.	
1970	2088.	106.	
1970	924.	0.	
1970	380.	0.	
1970	332.	0.	
1970	27.	0.	
1970	0.	0.	
1970	0.	0.	
1971	0.	0.	
1971	0.	0.	
1971	0.	0.	
1971	45.	0.	
1971	938.	0.	
1971	2088.	106.	
1971	924.	0.	
1971	420.	0.	
1971	332.	0.	
1971	30.	0.	
1971	0.	0.	
1971	0.	0.	
1972	0.	0.	
1972	0.	0.	
1972	0.	0.	
1972	39.	0.	
1972	1146.	0.	
1972	2088.	106.	
1972	876.	0.	
1972	388.	0.	
1972	335.	0.	
1972	52.	0.	
1972	0.	0.	
1972	0.	0.	
1973	0.	0.	
1973	0.	0.	
1973	0.	0.	
1973	28.	0.	
1973	938.	0.	
1973	2088.	106.	
1973	988.	0.	
1973	410.	0.	
1973	442.	0.	
1973	115.	0.	
1973	0.	0.	
1973	0.	0.	
1974	0.	0.	
1974	0.	0.	
1974	0.	0.	
1974	39.	0.	
1974	1221.	0.	
1974	2088.	106.	
1974	924.	0.	
1974	455.	0.	
1974	469.	0.	
1974	110.	0.	
1974	0.	0.	
1974	0.	0.	
1975	0.	0.	
1975	0.	0.	
1975	0.	0.	
1975	20.	0.	
1975	689.	0.	
1975	1692.	0.	
1975	855.	0.	
1975	403.	0.	
1975	448.	0.	
1975	37.	0.	
1975	0.	0.	
1975	0.	0.	
1976	0.	0.	
1976	0.	0.	
1976	0.	0.	
1976	20.	0.	
1976	1535.	0.	
1976	1826.	0.	
1976	876.	0.	
1976	399.	0.	
1976	306.	0.	
1976	138.	0.	
1976	0.	0.	
1976	0.	0.	
1977	0.	0.	
1977	0.	0.	
1977	0.	0.	
1977	57.	0.	
1977	1152.	0.	
1977	2100.	118.	
1977	869.	0.	
1977	295.	0.	
1977	412.	0.	
1977	83.	0.	
1977	0.	0.	
1977	0.	0.	
1978	0.	0.	
1978	0.	0.	
1978	0.	0.	
1978	31.	0.	
1978	1075.	0.	
1978	1831.	0.	
1978	966.	0.	
1978	657.	0.	
1978	834.	0.	
1978	499.	0.	
1978	0.	0.	
1978	0.	0.	
1979	0.	0.	
1979	0.	0.	
1979	0.	0.	
1979	25.	0.	
1979	796.	0.	
1979	2271.	289.	
1979	1495.	0.	
1979	343.	0.	
1979	506.	0.	
1979	147.	0.	
1979	0.	0.	
1979	0.	0.	
1980	0.	0.	
1980	0.	0.	
1980	0.	0.	
1980	20.	0.	
1980	929.	0.	
1980	2226.	244.	
1980	1482.	0.	
1980	595.	0.	
1980	710.	0.	
1980	499.	0.	
1980	0.	0.	
1980	0.	0.	
1981	0.	0.	
1981	0.	0.	
1981	0.	0.	
1981	122.	0.	
1981	1260.	0.	
1981	1962.	0.	
1981	790.	0.	
1981	365.	0.	
1981	454.	0.	
1981	75.	0.	
1981	0.	0.	
1981	0.	0.	
1982	0.	0.	
1982	0.	0.	
1982	0.	0.	
1982	20.	0.	
1982	818.	0.	
1982	2705.	723.	
1982	1569.	0.	
1982	412.	0.	
1982	281.	0.	
1982	55.	0.	
1982	0.	0.	
1982	0.	0.	
1983	0.	0.	
1983	0.	0.	
1983	0.	0.	
1983	22.	0.	
1983	786.	0.	
1983	2369.	387.	
1983	860.	0.	
1983	342.	0.	
1983	413.	0.	
1983	128.	0.	
1983	0.	0.	
1983	0.	0.	
1984	0.	0.	
1984	0.	0.	
1984	0.	0.	
1984	45.	0.	
1984	1107.	0.	
1984	2115.	133.	
1984	1309.	0.	
1984	327.	0.	
1984	340.	0.	
1984	26.	0.	
1984	0.	0.	
1984	0.	0.	
1985	0.	0.	
1985	0.	0.	
1985	0.	0.	
1985	133.	0.	
1985	1157.	0.	
1985	2061.	79.	
1985	1238.	0.	
1985	645.	0.	
1985	337.	0.	
1985	32.	0.	
1985	0.	0.	
1985	0.	0.	
1986	0.	0.	
1986	0.	0.	
1986	0.	0.	
1986	119.	0.	
1986	1061.	0.	
1986	2019.	37.	
1986	1365.	0.	
1986	668.	0.	
1986	725.	0.	
1986	258.	0.	
1986	0.	0.	
1986	0.	0.	
1987	0.	0.	
1987	0.	0.	
1987	0.	0.	
1987	57.	0.	
1987	1646.	0.	
1987	2058.	76.	
1987	853.	0.	
1987	375.	0.	
1987	437.	0.	
1987	122.	0.	
1987	0.	0.	
1987	0.	0.	
1988	0.	0.	
1988	0.	0.	
1988	0.	0.	
1988	49.	0.	
1988	1502.	0.	
1988	2567.	585.	
1988	976.	0.	
1988	437.	0.	
1988	388.	0.	
1988	162.	0.	
1988	0.	0.	
1988	0.	0.	
1989	0.	0.	
1989	0.	0.	
1989	0.	0.	
1989	92.	0.	
1989	1554.	0.	
1989	2067.	85.	
1989	867.	0.	
1989	393.	0.	
1989	448.	0.	
1989	95.	0.	
1989	0.	0.	
1989	0.	0.	
1990	0.	0.	
1990	0.	0.	
1990	0.	0.	
1990	159.	0.	
1990	1386.	0.	
1990	2054.	72.	
1990	804.	0.	
1990	448.	0.	
1990	722.	0.	
1990	95.	0.	
1990	0.	0.	
1990	0.	0.	
1991	0.	0.	
1991	0.	0.	
1991	0.	0.	
1991	0.	0.	
1991	1061.	0.	
1991	1889.	0.	
1991	1073.	0.	
1991	666.	0.	
1991	438.	0.	
1991	92.	0.	
1991	0.	0.	
1991	0.	0.	
1992	0.	0.	
1992	0.	0.	
1992	0.	0.	
1992	93.	0.	
1992	1115.	0.	
1992	1804.	0.	
1992	1069.	0.	
1992	378.	0.	
1992	435.	0.	
1992	133.	0.	
1992	0.	0.	
1992	0.	0.	
1993	0.	0.	
1993	0.	0.	
1993	0.	0.	
1993	133.	0.	
1993	1591.	0.	
1993	2568.	586.	
1993	1137.	0.	
1993	425.	0.	
1993	248.	0.	
1993	35.	0.	
1993	0.	0.	
1993	0.	0.	
1994	0.	0.	
1994	0.	0.	
1994	0.	0.	
1994	53.	0.	
1994	1346.	0.	
1994	1865.	0.	
1994	965.	0.	
1994	355.	0.	
1994	591.	0.	
1994	98.	0.	
1994	0.	0.	
1994	0.	0.	
1995	0.	0.	
1995	0.	0.	
1995	0.	0.	
1995	0.	0.	
1995	814.	0.	
1995	2036.	54.	
1995	1063.	0.	
1995	478.	0.	
1995	649.	0.	
1995	55.	0.	
1995	0.	0.	
1995	0.	0.	
1996	0.	0.	
1996	0.	0.	
1996	0.	0.	
1996	17.	0.	
1996	1409.	0.	
1996	2190.	208.	
1996	922.	0.	
1996	496.	0.	
1996	300.	0.	
1996	95.	0.	
1996	0.	0.	
1996	0.	0.	
1997	0.	0.	
1997	0.	0.	
1997	0.	0.	
1997	8.	0.	
1997	1073.	0.	
1997	1915.	0.	
1997	829.	0.	
1997	317.	0.	
1997	298.	0.	
1997	90.	0.	
1997	0.	0.	
1997	0.	0.	
1998	0.	0.	
1998	0.	0.	
1998	0.	0.	
1998	0.	0.	
1998	1232.	0.	
1998	2449.	467.	
1998	718.	0.	
1998	390.	0.	
1998	444.	0.	
1998	73.	0.	
1998	0.	0.	
1998	0.	0.	
1999	0.	0.	
1999	0.	0.	
1999	0.	0.	
1999	33.	0.	
1999	904.	0.	
1999	2307.	325.	
1999	872.	0.	
1999	415.	0.	
1999	387.	0.	
1999	83.	0.	
1999	0.	0.	
1999	0.	0.	
2000	0.	0.	
2000	0.	0.	
2000	0.	0.	
2000	68.	0.	
2000	1634.	0.	
2000	1788.	0.	
2000	949.	0.	
2000	412.	0.	
2000	1246.	0.	
2000	148.	0.	
2000	0.	0.	
2000	0.	0.	
2001	0.	0.	
2001	0.	0.	
2001	0.	0.	
2001	92.	0.	
2001	1150.	0.	
2001	2004.	22.	
2001	914.	0.	
2001	402.	0.	
2001	824.	0.	
2001	152.	0.	
2001	0.	0.	
2001	0.	0.	
2002	0.	0.	
2002	0.	0.	
2002	0.	0.	
2002	120.	0.	
2002	1166.	0.	
2002	2169.	187.	
2002	982.	0.	
2002	647.	0.	
2002	340.	0.	
2002	52.	0.	
2002	0.	0.	
2002	0.	0.	
2003	0.	0.	
2003	0.	0.	
2003	0.	0.	
2003	25.	0.	
2003	1161.	0.	
2003	1688.	0.	
2003	912.	0.	
2003	417.	0.	
2003	355.	0.	
2003	212.	0.	
2003	0.	0.	
2003	0.	0.	
2004	0.	0.	
2004	0.	0.	
2004	0.	0.	
2004	115.	0.	
2004	1293.	0.	
2004	1512.	0.	
2004	792.	0.	
2004	501.	0.	
2004	260.	0.	
2004	112.	0.	
2004	0.	0.	
2004	0.	0.	
2005	0.	0.	
2005	0.	0.	
2005	0.	0.	
2005	52.	0.	
2005	1221.	0.	
2005	1982.	0.	
2005	910.	0.	
2005	347.	0.	
2005	534.	0.	
2005	112.	0.	
2005	0.	0.	
2005	0.	0.	
2006	0.	0.	
2006	0.	0.	
2006	0.	0.	
2006	103.	0.	
2006	1223.	0.	
2006	2046.	64.	
2006	820.	0.	
2006	427.	0.	
2006	397.	0.	
2006	23.	0.	
2006	0.	0.	
2006	0.	0.	
2007	0.	0.	
2007	0.	0.	
2007	0.	0.	
2007	75.	0.	
2007	1154.	0.	
2007	2027.	45.	
2007	908.	0.	
2007	377.	0.	
2007	357.	0.	
2007	113.	0.	
2007	0.	0.	
2007	0.	0.	
2008	0.	0.	
2008	0.	0.	
2008	0.	0.	
2008	0.	0.	
2008	764.	0.	
2008	1999.	17.	
2008	1644.	0.	
2008	360.	0.	
2008	516.	0.	
2008	108.	0.	
2008	0.	0.	
2008	0.	0.	
2009	0.	0.	
2009	0.	0.	
2009	0.	0.	
2009	13.	0.	
2009	1150.	0.	
2009	1999.	17.	
2009	780.	0.	
2009	425.	0.	
2009	428.	0.	
2009	55.	0.	
2009	0.	0.	
2009	0.	0.	
2010	0.	0.	
2010	0.	0.	
2010	0.	0.	
2010	0.	0.	
2010	782.	0.	
2010	1842.	0.	
2010	827.	0.	
2010	402.	0.	
2010	463.	0.	
2010	87.	0.	
2010	0.	0.	
2010	0.	0.	
2011	0.	0.	
2011	0.	0.	
2011	0.	0.	
2011	0.	0.	
2011	829.	0.	
2011	1831.	0.	
2011	757.	0.	
2011	392.	0.	
2011	350.	0.	
2011	70.	0.	
2011	0.	0.	
2011	0.	0.	
2012	0.	0.	
2012	0.	0.	
2012	0.	0.	
2012	128.	0.	
2012	1168.	0.	
2012	2246.	264.	
2012	708.	0.	
2012	470.	0.	
2012	392.	0.	
2012	95.	0.	
2012	0.	0.	
2012	0.	0.	
2013	0.	0.	
2013	0.	0.	
2013	0.	0.	
2013	0.	0.	
2013	968.	0.	
2013	2150.	168.	
2013	814.	0.	
2013	415.	0.	
2013	238.	0.	
