1908	150.	0.	
1908	0.	0.	
1908	0.	0.	
1909	0.	0.	
1909	0.	0.	
1909	0.	0.	
1909	0.	0.	
1909	1400.	0.	
1909	4512.	0.	
1909	1000.	0.	
1909	400.	0.	
1909	245.	0.	
1909	150.	0.	
1909	0.	0.	
1909	0.	0.	
1910	0.	0.	
1910	0.	0.	
1910	0.	0.	
1910	0.	0.	
1910	1517.	0.	
1910	2963.	0.	
1910	1278.	0.	
1910	437.	0.	
1910	222.	0.	
1910	138.	0.	
1910	0.	0.	
1910	0.	0.	
1911	0.	0.	
1911	0.	0.	
1911	0.	0.	
1911	0.	0.	
1911	1400.	0.	
1911	4512.	0.	
1911	1000.	0.	
1911	400.	0.	
1911	245.	0.	
1911	138.	0.	
1911	0.	0.	
1911	0.	0.	
1912	0.	0.	
1912	0.	0.	
1912	0.	0.	
1912	0.	0.	
1912	1400.	0.	
1912	4512.	0.	
1912	1000.	0.	
1912	400.	0.	
1912	245.	0.	
1912	150.	0.	
1912	0.	0.	
1912	0.	0.	
1913	0.	0.	
1913	0.	0.	
1913	0.	0.	
1913	0.	0.	
1913	1517.	0.	
1913	2963.	0.	
1913	1278.	0.	
1913	437.	0.	
1913	222.	0.	
1913	138.	0.	
1913	0.	0.	
1913	0.	0.	
1914	0.	0.	
1914	0.	0.	
1914	0.	0.	
1914	0.	0.	
1914	1400.	0.	
1914	4512.	0.	
1914	1000.	0.	
1914	400.	0.	
1914	245.	0.	
1914	138.	0.	
1914	0.	0.	
1914	0.	0.	
1915	0.	0.	
1915	0.	0.	
1915	0.	0.	
1915	0.	0.	
1915	1517.	0.	
1915	4512.	0.	
1915	1000.	0.	
1915	400.	0.	
1915	245.	0.	
1915	138.	0.	
1915	0.	0.	
1915	0.	0.	
1916	0.	0.	
1916	0.	0.	
1916	0.	0.	
1916	0.	0.	
1916	1400.	0.	
1916	4512.	0.	
1916	1000.	0.	
1916	400.	0.	
1916	245.	0.	
1916	138.	0.	
1916	0.	0.	
1916	0.	0.	
1917	0.	0.	
1917	0.	0.	
1917	0.	0.	
1917	0.	0.	
1917	1517.	0.	
1917	4512.	0.	
1917	1000.	0.	
1917	400.	0.	
1917	245.	0.	
1917	150.	0.	
1917	0.	0.	
1917	0.	0.	
1918	0.	0.	
1918	0.	0.	
1918	0.	0.	
1918	0.	0.	
1918	1400.	0.	
1918	4512.	0.	
1918	1000.	0.	
1918	400.	0.	
1918	245.	0.	
1918	138.	0.	
1918	0.	0.	
1918	0.	0.	
1919	0.	0.	
1919	0.	0.	
1919	0.	0.	
1919	0.	0.	
1919	1400.	0.	
1919	2963.	0.	
1919	1278.	0.	
1919	400.	0.	
1919	245.	0.	
1919	150.	0.	
1919	0.	0.	
1919	0.	0.	
1920	0.	0.	
1920	0.	0.	
1920	0.	0.	
1920	0.	0.	
1920	1400.	0.	
1920	4512.	0.	
1920	1000.	0.	
1920	400.	0.	
1920	245.	0.	
1920	138.	0.	
1920	0.	0.	
1920	0.	0.	
1921	0.	0.	
1921	0.	0.	
1921	0.	0.	
1921	0.	0.	
1921	1400.	0.	
1921	4512.	0.	
1921	1000.	0.	
1921	400.	0.	
1921	245.	0.	
1921	138.	0.	
1921	0.	0.	
1921	0.	0.	
1922	0.	0.	
1922	0.	0.	
1922	0.	0.	
1922	0.	0.	
1922	1400.	0.	
1922	2963.	0.	
1922	1278.	0.	
1922	400.	0.	
1922	222.	0.	
1922	150.	0.	
1922	0.	0.	
1922	0.	0.	
1923	0.	0.	
1923	0.	0.	
1923	0.	0.	
1923	0.	0.	
1923	1400.	0.	
1923	4512.	0.	
1923	1000.	0.	
1923	400.	0.	
1923	245.	0.	
1923	138.	0.	
1923	0.	0.	
1923	0.	0.	
1924	0.	0.	
1924	0.	0.	
1924	0.	0.	
1924	0.	0.	
1924	1400.	0.	
1924	4512.	0.	
1924	1000.	0.	
1924	437.	0.	
1924	222.	0.	
1924	150.	0.	
1924	0.	0.	
1924	0.	0.	
1925	0.	0.	
1925	0.	0.	
1925	0.	0.	
1925	0.	0.	
1925	1517.	0.	
1925	2963.	0.	
1925	1278.	0.	
1925	437.	0.	
1925	222.	0.	
1925	138.	0.	
1925	0.	0.	
1925	0.	0.	
1926	0.	0.	
1926	0.	0.	
1926	0.	0.	
1926	0.	0.	
1926	1400.	0.	
1926	4512.	0.	
1926	1000.	0.	
1926	400.	0.	
1926	245.	0.	
1926	138.	0.	
1926	0.	0.	
1926	0.	0.	
1927	0.	0.	
1927	0.	0.	
1927	0.	0.	
1927	0.	0.	
1927	1400.	0.	
1927	4512.	0.	
1927	1000.	0.	
1927	400.	0.	
1927	245.	0.	
1927	138.	0.	
1927	0.	0.	
1927	0.	0.	
1928	0.	0.	
1928	0.	0.	
1928	0.	0.	
1928	0.	0.	
1928	1400.	0.	
1928	4512.	0.	
1928	1000.	0.	
1928	400.	0.	
1928	222.	0.	
1928	150.	0.	
1928	0.	0.	
1928	0.	0.	
1929	0.	0.	
1929	0.	0.	
1929	0.	0.	
1929	0.	0.	
1929	1517.	0.	
1929	2963.	0.	
1929	1278.	0.	
1929	437.	0.	
1929	222.	0.	
1929	138.	0.	
1929	0.	0.	
1929	0.	0.	
1930	0.	0.	
1930	0.	0.	
1930	0.	0.	
1930	0.	0.	
1930	1517.	0.	
1930	2963.	0.	
1930	1278.	0.	
1930	400.	0.	
1930	245.	0.	
1930	138.	0.	
1930	0.	0.	
1930	0.	0.	
1931	0.	0.	
1931	0.	0.	
1931	0.	0.	
1931	0.	0.	
1931	1517.	0.	
1931	2963.	0.	
1931	1278.	0.	
1931	400.	0.	
1931	245.	0.	
1931	138.	0.	
1931	0.	0.	
1931	0.	0.	
1932	0.	0.	
1932	0.	0.	
1932	0.	0.	
1932	0.	0.	
1932	1400.	0.	
1932	4512.	0.	
1932	1000.	0.	
1932	400.	0.	
1932	222.	0.	
1932	150.	0.	
1932	0.	0.	
1932	0.	0.	
1933	0.	0.	
1933	0.	0.	
1933	0.	0.	
1933	0.	0.	
1933	1517.	0.	
1933	4512.	0.	
1933	1000.	0.	
1933	437.	0.	
1933	245.	0.	
1933	138.	0.	
1933	0.	0.	
1933	0.	0.	
1934	0.	0.	
1934	0.	0.	
1934	0.	0.	
1934	0.	0.	
1934	1400.	0.	
1934	2963.	0.	
1934	1395.	0.	
1934	437.	0.	
1934	222.	0.	
1934	150.	0.	
1934	0.	0.	
1934	0.	0.	
1935	0.	0.	
1935	0.	0.	
1935	0.	0.	
1935	0.	0.	
1935	1517.	0.	
1935	4512.	0.	
1935	1000.	0.	
1935	400.	0.	
1935	245.	0.	
1935	150.	0.	
1935	0.	0.	
1935	0.	0.	
1936	0.	0.	
1936	0.	0.	
1936	0.	0.	
1936	0.	0.	
1936	1400.	0.	
1936	4512.	0.	
1936	1278.	0.	
1936	400.	0.	
1936	245.	0.	
1936	138.	0.	
1936	0.	0.	
1936	0.	0.	
1937	0.	0.	
1937	0.	0.	
1937	0.	0.	
1937	0.	0.	
1937	1517.	0.	
1937	2963.	0.	
1937	1278.	0.	
1937	437.	0.	
1937	245.	0.	
1937	138.	0.	
1937	0.	0.	
1937	0.	0.	
1938	0.	0.	
1938	0.	0.	
1938	0.	0.	
1938	0.	0.	
1938	1400.	0.	
1938	4512.	0.	
1938	1000.	0.	
1938	400.	0.	
1938	245.	0.	
1938	138.	0.	
1938	0.	0.	
1938	0.	0.	
1939	0.	0.	
1939	0.	0.	
1939	0.	0.	
1939	0.	0.	
1939	1400.	0.	
1939	2963.	0.	
1939	1278.	0.	
1939	437.	0.	
1939	222.	0.	
1939	150.	0.	
1939	0.	0.	
1939	0.	0.	
1940	0.	0.	
1940	0.	0.	
1940	0.	0.	
1940	0.	0.	
1940	1517.	0.	
1940	2963.	0.	
1940	1278.	0.	
1940	437.	0.	
1940	245.	0.	
1940	138.	0.	
1940	0.	0.	
1940	0.	0.	
1941	0.	0.	
1941	0.	0.	
1941	0.	0.	
1941	0.	0.	
1941	1400.	0.	
1941	2963.	0.	
1941	1278.	0.	
1941	437.	0.	
1941	222.	0.	
1941	138.	0.	
1941	0.	0.	
1941	0.	0.	
1942	0.	0.	
1942	0.	0.	
1942	0.	0.	
1942	0.	0.	
1942	1517.	0.	
1942	4512.	0.	
1942	1278.	0.	
1942	437.	0.	
1942	222.	0.	
1942	150.	0.	
1942	0.	0.	
1942	0.	0.	
1943	0.	0.	
1943	0.	0.	
1943	0.	0.	
1943	0.	0.	
1943	1517.	0.	
1943	2963.	0.	
1943	1278.	0.	
1943	437.	0.	
1943	222.	0.	
1943	150.	0.	
1943	0.	0.	
1943	0.	0.	
1944	0.	0.	
1944	0.	0.	
1944	0.	0.	
1944	0.	0.	
1944	1517.	0.	
1944	4512.	0.	
1944	1278.	0.	
1944	437.	0.	
1944	222.	0.	
1944	150.	0.	
1944	0.	0.	
1944	0.	0.	
1945	0.	0.	
1945	0.	0.	
1945	0.	0.	
1945	0.	0.	
1945	1517.	0.	
1945	2963.	0.	
1945	1000.	0.	
1945	400.	0.	
1945	222.	0.	
1945	138.	0.	
1945	0.	0.	
1945	0.	0.	
1946	0.	0.	
1946	0.	0.	
1946	0.	0.	
1946	0.	0.	
1946	1517.	0.	
1946	2963.	0.	
1946	1278.	0.	
1946	437.	0.	
1946	222.	0.	
1946	150.	0.	
1946	0.	0.	
1946	0.	0.	
1947	0.	0.	
1947	0.	0.	
1947	0.	0.	
1947	0.	0.	
1947	1400.	0.	
1947	4512.	0.	
1947	1000.	0.	
1947	400.	0.	
1947	245.	0.	
1947	138.	0.	
1947	0.	0.	
1947	0.	0.	
1948	0.	0.	
1948	0.	0.	
1948	0.	0.	
1948	0.	0.	
1948	1400.	0.	
1948	2963.	0.	
1948	1278.	0.	
1948	437.	0.	
1948	222.	0.	
1948	150.	0.	
1948	0.	0.	
1948	0.	0.	
1949	0.	0.	
1949	0.	0.	
1949	0.	0.	
1949	0.	0.	
1949	1400.	0.	
1949	4512.	0.	
1949	1000.	0.	
1949	437.	0.	
1949	222.	0.	
1949	150.	0.	
1949	0.	0.	
1949	0.	0.	
1950	0.	0.	
1950	0.	0.	
1950	0.	0.	
1950	0.	0.	
1950	1457.	0.	
1950	3350.	0.	
1950	1395.	0.	
1950	420.	0.	
1950	192.	0.	
1950	863.	736.	
1950	0.	0.	
1950	0.	0.	
1951	0.	0.	
1951	0.	0.	
1951	0.	0.	
1951	0.	0.	
1951	1457.	0.	
1951	2653.	0.	
1951	1331.	0.	
1951	343.	0.	
1951	265.	0.	
1951	6.	0.	
1951	0.	0.	
1951	0.	0.	
1952	0.	0.	
1952	0.	0.	
1952	0.	0.	
1952	0.	0.	
1952	1483.	0.	
1952	3138.	0.	
1952	1278.	0.	
1952	383.	0.	
1952	358.	0.	
1952	413.	73.	
1952	0.	0.	
1952	0.	0.	
1953	0.	0.	
1953	0.	0.	
1953	0.	0.	
1953	0.	0.	
1953	1457.	0.	
1953	3338.	0.	
1953	1278.	0.	
1953	350.	0.	
1953	297.	0.	
1953	504.	0.	
1953	0.	0.	
1953	0.	0.	
1954	0.	0.	
1954	0.	0.	
1954	0.	0.	
1954	0.	0.	
1954	2497.	0.	
1954	3502.	0.	
1954	1395.	0.	
1954	432.	0.	
1954	489.	0.	
1954	504.	0.	
1954	0.	0.	
1954	0.	0.	
1955	0.	0.	
1955	0.	0.	
1955	0.	0.	
1955	0.	0.	
1955	2497.	0.	
1955	3502.	0.	
1955	1395.	0.	
1955	443.	0.	
1955	489.	0.	
1955	504.	0.	
1955	0.	0.	
1955	0.	0.	
1956	0.	0.	
1956	0.	0.	
1956	0.	0.	
1956	0.	0.	
1956	2133.	0.	
1956	3900.	0.	
1956	1395.	0.	
1956	353.	0.	
1956	489.	0.	
1956	504.	0.	
1956	0.	0.	
1956	0.	0.	
1957	0.	0.	
1957	0.	0.	
1957	0.	0.	
1957	0.	0.	
1957	1457.	0.	
1957	2653.	0.	
1957	1278.	0.	
1957	455.	0.	
1957	215.	0.	
1957	6.	0.	
1957	0.	0.	
1957	0.	0.	
1958	0.	0.	
1958	0.	0.	
1958	0.	0.	
1958	0.	0.	
1958	2117.	0.	
1958	3563.	0.	
1958	1395.	0.	
1958	457.	0.	
1958	489.	0.	
1958	504.	0.	
1958	0.	0.	
1958	0.	0.	
1959	0.	0.	
1959	0.	0.	
1959	0.	0.	
1959	0.	0.	
1959	1457.	0.	
1959	3300.	0.	
1959	1395.	0.	
1959	428.	0.	
1959	489.	0.	
1959	6.	0.	
1959	0.	0.	
1959	0.	0.	
1960	0.	0.	
1960	0.	0.	
1960	0.	0.	
1960	0.	0.	
1960	1457.	0.	
1960	3313.	0.	
1960	1395.	0.	
1960	460.	0.	
1960	489.	0.	
1960	504.	0.	
1960	0.	0.	
1960	0.	0.	
1961	0.	0.	
1961	0.	0.	
1961	0.	0.	
1961	0.	0.	
1961	2497.	0.	
1961	3502.	0.	
1961	1395.	0.	
1961	455.	0.	
1961	27.	0.	
1961	0.	0.	
1961	0.	0.	
1961	0.	0.	
1962	0.	0.	
1962	0.	0.	
1962	0.	0.	
1962	0.	0.	
1962	1457.	0.	
1962	2688.	0.	
1962	1278.	0.	
1962	445.	0.	
1962	248.	0.	
1962	504.	0.	
1962	0.	0.	
1962	0.	0.	
1963	0.	0.	
1963	0.	0.	
1963	0.	0.	
1963	0.	0.	
1963	2497.	0.	
1963	3502.	0.	
1963	1462.	0.	
1963	420.	0.	
1963	489.	0.	
1963	850.	0.	
1963	0.	0.	
1963	0.	0.	
1964	0.	0.	
1964	0.	0.	
1964	0.	0.	
1964	0.	0.	
1964	1817.	0.	
1964	3502.	0.	
1964	1400.	0.	
1964	420.	0.	
1964	489.	0.	
1964	504.	0.	
1964	0.	0.	
1964	0.	0.	
1965	0.	0.	
1965	0.	0.	
1965	0.	0.	
1965	0.	0.	
1965	1457.	0.	
1965	2653.	0.	
1965	1278.	0.	
1965	358.	0.	
1965	145.	0.	
1965	6.	0.	
1965	0.	0.	
1965	0.	0.	
1966	0.	0.	
1966	0.	0.	
1966	0.	0.	
1966	0.	0.	
1966	2497.	0.	
1966	3502.	0.	
1966	1450.	0.	
1966	457.	0.	
1966	489.	0.	
1966	504.	0.	
1966	0.	0.	
1966	0.	0.	
1967	0.	0.	
1967	0.	0.	
1967	0.	0.	
1967	0.	0.	
1967	2497.	0.	
1967	2653.	0.	
1967	1278.	0.	
1967	420.	0.	
1967	489.	0.	
1967	504.	0.	
1967	0.	0.	
1967	0.	0.	
1968	0.	0.	
1968	0.	0.	
1968	0.	0.	
1968	0.	0.	
1968	2497.	0.	
1968	3750.	0.	
1968	1395.	0.	
1968	378.	0.	
1968	489.	0.	
1968	504.	0.	
1968	0.	0.	
1968	0.	0.	
1969	0.	0.	
1969	0.	0.	
1969	0.	0.	
1969	0.	0.	
1969	2667.	0.	
1969	2653.	0.	
1969	1412.	0.	
1969	520.	0.	
1969	268.	0.	
1969	6.	0.	
1969	0.	0.	
1969	0.	0.	
1970	0.	0.	
1970	0.	0.	
1970	0.	0.	
1970	0.	0.	
1970	2067.	0.	
1970	2713.	0.	
1970	1396.	0.	
1970	442.	0.	
1970	143.	0.	
1970	6.	0.	
1970	0.	0.	
1970	0.	0.	
1971	0.	0.	
1971	0.	0.	
1971	0.	0.	
1971	0.	0.	
1971	1457.	0.	
1971	3675.	0.	
1971	1278.	0.	
1971	478.	0.	
1971	137.	0.	
1971	6.	0.	
1971	0.	0.	
1971	0.	0.	
1972	0.	0.	
1972	0.	0.	
1972	0.	0.	
1972	0.	0.	
1972	2497.	0.	
1972	3000.	0.	
1972	1395.	0.	
1972	422.	0.	
1972	208.	0.	
1972	25.	0.	
1972	0.	0.	
1972	0.	0.	
1973	0.	0.	
1973	0.	0.	
1973	0.	0.	
1973	0.	0.	
1973	1457.	0.	
1973	2713.	0.	
1973	917.	0.	
1973	470.	0.	
1973	300.	0.	
1973	150.	0.	
1973	0.	0.	
1973	0.	0.	
1974	0.	0.	
1974	0.	0.	
1974	0.	0.	
1974	0.	0.	
1974	2250.	0.	
1974	3025.	0.	
1974	1278.	0.	
1974	480.	0.	
1974	489.	0.	
1974	100.	0.	
1974	0.	0.	
1974	0.	0.	
1975	0.	0.	
1975	0.	0.	
1975	0.	0.	
1975	0.	0.	
1975	617.	0.	
1975	2700.	0.	
1975	1250.	0.	
1975	420.	0.	
1975	273.	0.	
1975	504.	0.	
1975	0.	0.	
1975	0.	0.	
1976	0.	0.	
1976	0.	0.	
1976	0.	0.	
1976	0.	0.	
1976	2497.	0.	
1976	3502.	0.	
1976	1395.	0.	
1976	412.	0.	
1976	172.	0.	
1976	504.	0.	
1976	0.	0.	
1976	0.	0.	
1977	0.	0.	
1977	0.	0.	
1977	0.	0.	
1977	0.	0.	
1977	2497.	0.	
1977	4475.	0.	
1977	1395.	0.	
1977	420.	0.	
1977	489.	0.	
1977	504.	0.	
1977	0.	0.	
1977	0.	0.	
1978	0.	0.	
1978	0.	0.	
1978	0.	0.	
1978	0.	0.	
1978	1457.	0.	
1978	3388.	0.	
1978	1419.	0.	
1978	462.	0.	
1978	489.	0.	
1978	504.	0.	
1978	0.	0.	
1978	0.	0.	
1979	0.	0.	
1979	0.	0.	
1979	0.	0.	
1979	0.	0.	
1979	1457.	0.	
1979	2653.	0.	
1979	1373.	0.	
1979	382.	0.	
1979	489.	0.	
1979	538.	0.	
1979	0.	0.	
1979	0.	0.	
1980	0.	0.	
1980	0.	0.	
1980	0.	0.	
1980	0.	0.	
1980	1333.	0.	
1980	4088.	0.	
1980	1920.	0.	
1980	423.	0.	
1980	460.	0.	
1980	504.	0.	
1980	0.	0.	
1980	0.	0.	
1981	0.	0.	
1981	0.	0.	
1981	0.	0.	
1981	0.	0.	
1981	3076.	0.	
1981	3963.	0.	
1981	1173.	0.	
1981	408.	0.	
1981	460.	0.	
1981	504.	0.	
1981	0.	0.	
1981	0.	0.	
1982	0.	0.	
1982	0.	0.	
1982	0.	0.	
1982	0.	0.	
1982	2995.	0.	
1982	3358.	0.	
1982	1673.	0.	
1982	502.	0.	
1982	160.	0.	
1982	6.	0.	
1982	0.	0.	
1982	0.	0.	
1983	0.	0.	
1983	0.	0.	
1983	0.	0.	
1983	0.	0.	
1983	990.	0.	
1983	3022.	0.	
1983	1793.	0.	
1983	430.	0.	
1983	302.	0.	
1983	375.	0.	
1983	0.	0.	
1983	0.	0.	
1984	0.	0.	
1984	0.	0.	
1984	0.	0.	
1984	0.	0.	
1984	1883.	0.	
1984	3756.	0.	
1984	1038.	0.	
1984	380.	0.	
1984	200.	0.	
1984	6.	0.	
1984	0.	0.	
1984	0.	0.	
1985	0.	0.	
1985	0.	0.	
1985	0.	0.	
1985	0.	0.	
1985	2200.	0.	
1985	3450.	0.	
1985	1357.	0.	
1985	517.	0.	
1985	172.	0.	
1985	6.	0.	
1985	0.	0.	
1985	0.	0.	
1986	0.	0.	
1986	0.	0.	
1986	0.	0.	
1986	0.	0.	
1986	1966.	0.	
1986	4038.	0.	
1986	1416.	0.	
1986	413.	0.	
1986	195.	0.	
1986	6.	0.	
1986	0.	0.	
1986	0.	0.	
1987	0.	0.	
1987	0.	0.	
1987	0.	0.	
1987	0.	0.	
1987	3951.	0.	
1987	4750.	0.	
1987	1412.	0.	
1987	410.	0.	
1987	460.	0.	
1987	504.	0.	
1987	0.	0.	
1987	0.	0.	
1988	0.	0.	
1988	0.	0.	
1988	0.	0.	
1988	0.	0.	
1988	1850.	0.	
1988	5513.	0.	
1988	1531.	0.	
1988	507.	0.	
1988	460.	0.	
1988	563.	0.	
1988	0.	0.	
1988	0.	0.	
1989	0.	0.	
1989	0.	0.	
1989	0.	0.	
1989	0.	0.	
1989	2433.	0.	
1989	5539.	0.	
1989	1990.	0.	
1989	722.	0.	
1989	551.	0.	
1989	504.	0.	
1989	0.	0.	
1989	0.	0.	
1990	0.	0.	
1990	0.	0.	
1990	0.	0.	
1990	0.	0.	
1990	2877.	0.	
1990	4138.	0.	
1990	3217.	0.	
1990	2827.	0.	
1990	288.	0.	
1990	275.	0.	
1990	0.	0.	
1990	0.	0.	
1991	0.	0.	
1991	0.	0.	
1991	0.	0.	
1991	0.	0.	
1991	1783.	0.	
1991	3909.	0.	
1991	1015.	0.	
1991	377.	0.	
1991	310.	0.	
1991	504.	0.	
1991	0.	0.	
1991	0.	0.	
1992	0.	0.	
1992	0.	0.	
1992	0.	0.	
1992	0.	0.	
1992	2832.	0.	
1992	4036.	0.	
1992	1239.	0.	
1992	402.	0.	
1992	302.	0.	
1992	325.	0.	
1992	0.	0.	
1992	0.	0.	
1993	0.	0.	
1993	0.	0.	
1993	0.	0.	
1993	0.	0.	
1993	1350.	0.	
1993	2813.	0.	
1993	1519.	0.	
1993	465.	0.	
1993	103.	0.	
1993	0.	0.	
1993	0.	0.	
1993	0.	0.	
1994	0.	0.	
1994	0.	0.	
1994	0.	0.	
1994	0.	0.	
1994	3133.	0.	
1994	3663.	0.	
1994	1485.	0.	
1994	418.	0.	
1994	282.	0.	
1994	138.	0.	
1994	0.	0.	
1994	0.	0.	
1995	0.	0.	
1995	0.	0.	
1995	0.	0.	
1995	0.	0.	
1995	873.	0.	
1995	2802.	0.	
1995	1012.	0.	
1995	575.	0.	
1995	210.	0.	
1995	0.	0.	
1995	0.	0.	
1995	0.	0.	
1996	0.	0.	
1996	0.	0.	
1996	0.	0.	
1996	0.	0.	
1996	2500.	0.	
1996	4070.	0.	
1996	1431.	0.	
1996	525.	0.	
1996	407.	0.	
1996	0.	0.	
1996	0.	0.	
1996	0.	0.	
1997	0.	0.	
1997	0.	0.	
1997	0.	0.	
1997	0.	0.	
1997	1766.	0.	
1997	3700.	0.	
1997	1914.	0.	
1997	298.	0.	
1997	195.	0.	
1997	200.	0.	
1997	0.	0.	
1997	0.	0.	
1998	0.	0.	
1998	0.	0.	
1998	0.	0.	
1998	0.	0.	
1998	2283.	0.	
1998	3951.	0.	
1998	1464.	0.	
1998	453.	0.	
1998	357.	0.	
1998	175.	0.	
1998	0.	0.	
1998	0.	0.	
1999	0.	0.	
1999	0.	0.	
1999	0.	0.	
1999	0.	0.	
1999	1737.	0.	
1999	3000.	0.	
1999	1314.	0.	
1999	485.	0.	
1999	248.	0.	
1999	0.	0.	
1999	0.	0.	
1999	0.	0.	
2000	0.	0.	
2000	0.	0.	
2000	0.	0.	
2000	0.	0.	
2000	2933.	0.	
2000	3263.	0.	
2000	2043.	0.	
2000	893.	0.	
2000	1686.	0.	
2000	1488.	1113.	
2000	0.	0.	
2000	0.	0.	
2001	0.	0.	
2001	0.	0.	
2001	0.	0.	
2001	0.	0.	
2001	3166.	0.	
2001	4218.	0.	
2001	1791.	0.	
2001	478.	0.	
2001	537.	0.	
2001	463.	0.	
2001	0.	0.	
2001	0.	0.	
2002	0.	0.	
2002	0.	0.	
2002	0.	0.	
2002	0.	0.	
2002	3368.	0.	
2002	4763.	791.	
2002	1623.	1274.	
2002	505.	0.	
2002	230.	230.	
2002	50.	50.	
2002	0.	0.	
2002	0.	0.	
2003	0.	0.	
2003	0.	0.	
2003	0.	0.	
2003	0.	0.	
2003	2308.	0.	
2003	2850.	0.	
2003	1512.	0.	
2003	423.	0.	
2003	212.	0.	
2003	963.	505.	
2003	0.	0.	
2003	0.	0.	
2004	0.	0.	
2004	0.	0.	
2004	0.	0.	
2004	0.	0.	
2004	3304.	0.	
2004	2375.	0.	
2004	1115.	0.	
2004	365.	0.	
2004	130.	0.	
2004	225.	0.	
2004	0.	0.	
2004	0.	0.	
2005	0.	0.	
2005	0.	0.	
2005	0.	0.	
2005	0.	0.	
2005	2433.	0.	
2005	2425.	0.	
2005	1442.	0.	
2005	387.	0.	
2005	225.	0.	
2005	288.	0.	
2005	0.	0.	
2005	0.	0.	
2006	0.	0.	
2006	0.	0.	
2006	0.	0.	
2006	0.	0.	
2006	3431.	0.	
2006	4565.	0.	
2006	1720.	0.	
2006	507.	0.	
2006	157.	0.	
2006	63.	0.	
2006	0.	0.	
2006	0.	0.	
2007	0.	0.	
2007	0.	0.	
2007	0.	0.	
2007	0.	0.	
2007	2167.	0.	
2007	4211.	0.	
2007	2089.	0.	
2007	629.	0.	
2007	195.	0.	
2007	288.	0.	
2007	0.	0.	
2007	0.	0.	
2008	0.	0.	
2008	0.	0.	
2008	0.	0.	
2008	0.	0.	
2008	1543.	0.	
2008	3575.	0.	
2008	2143.	0.	
2008	413.	0.	
2008	203.	0.	
2008	163.	0.	
2008	0.	0.	
2008	0.	0.	
2009	0.	0.	
2009	0.	0.	
2009	0.	0.	
2009	0.	0.	
2009	2200.	0.	
2009	4307.	0.	
2009	1809.	0.	
2009	455.	0.	
2009	300.	0.	
2009	0.	0.	
2009	0.	0.	
2009	0.	0.	
2010	0.	0.	
2010	0.	0.	
2010	0.	0.	
2010	0.	0.	
2010	933.	0.	
2010	3463.	0.	
2010	1254.	0.	
2010	467.	0.	
2010	345.	0.	
2010	188.	0.	
2010	0.	0.	
2010	0.	0.	
2011	0.	0.	
2011	0.	0.	
2011	0.	0.	
2011	0.	0.	
2011	817.	0.	
2011	6287.	0.	
2011	1135.	0.	
2011	470.	0.	
2011	228.	0.	
2011	100.	0.	
2011	0.	0.	
2011	0.	0.	
2012	0.	0.	
2012	0.	0.	
2012	0.	0.	
2012	0.	0.	
2012	2683.	0.	
2012	5013.	1041.	
2012	1073.	0.	
2012	577.	0.	
2012	645.	0.	
2012	238.	0.	
2012	0.	0.	
2012	0.	0.	
2013	0.	0.	
2013	0.	0.	
2013	0.	0.	
2013	0.	0.	
2013	1521.	0.	
2013	4525.	0.	
2013	1851.	0.	
2013	483.	0.	
2013	147.	0.	
