3800516
3800528
3800545
3800547
3800569
3800572
3800573
3800574
3800606
3800618
3800639
3800651
3800659
3800660
3800663
3800667
3800688
3800712
3800715
3800720
3800740
3800749
3800755
3800757
3800798
3800800
3800822
3800838
3800840
3800861
3800879
3800881
3800890
3800893
3800902
3800920
3800924
3800925
3800930
3800939
3800959
3800966
3800968
3800970
3800981
3800989
3800994
3800996
3801012
3801018
3801038
3801062
3801066
3801073
3801078
3801082
3801101
3801104
3801121
3801132
3801147
3801481
3801661
3801790
38_ADC033   
38_ADC034   
38_ADC035   
38_ADC036   
38_ADC037   
38_ADC038   
38_ADC039   
38_ADC040   
3800880_D   
3801096_D   