3600507
3600603
3600642
3600645
3600658
3600660
3600671
3600687
3600709
3600725
3600728
3600729
3600734
3600765
3600775
3600780
3600796
3600801
3603543
3604512
3604684
3700519
3700539
3700545
3700548
3700560
3700561
3700571
3700642
3700655
3700658
3700686
3700694
3700723
3700743
3700823
3700830
3700843
3700848
3700857
3704516
3704614
3800516
3800528
3800545
3800547
3800569
3800572
3800573
3800574
3800606
3800618
3800639
3800651
3800659
3800660
3800663
3800667
3800688
3800712
3800715
3800720
3800740
3800749
3800755
3800757
3800798
3800800
3800822
3800838
3800840
3800861
3800879
3800881
3800890
3800893
3800902
3800920
3800924
3800925
3800930
3800939
3800959
3800966
3800968
3800970
3800981
3800989
3800994
3800996
3801012
3801018
3801038
3801062
3801066
3801073
3801078
3801082
3801101
3801104
3801121
3801132
3801147
3801481
3801661
3801790
3803713
3900532
3900537
3900539
3900540
3900547
3900548
3900562
3900574
3900585
3900590
3900610
3900612
3900635
3900638
3900645
3900672
3900687
3900701
3900825
3900990
4500514
4500572
4500584
4500616
4500635
4500638
4500648
4500668
4500675
4500685
4500704
4500705
4500725
4500743
4500749
4500788
4500790
4500793
4500810
4500818
4500861
4500969
5000517
5000526
5000539
5000574
5000576
5000582
5000585
5000593
5000598
5000601
5000606
5000612
5000613
5000617
5000627
5000628
5000632
5000654
5000656
5000731
5000744
5100546
5100585
5100594
5100629
5100660
5100686
5100699
5100700
5100763
5100788
5100810
5100826
5100829
5100831
5100848
5100858
5100876
5100883
5100893
5100924
5100934
5100939
5100941
5100948
5101148
5101149
5103709
5104055
5104634
5104655
5200559
5200572
5200658
5300621
5300632
5300657
5300678
5300780
5300783
5300800
5300883
5301082
7000521
7000530
7000550
7000571
7000580
7000584
7000596
7200514
7200533
7200557
7200558
7200574
7200580
7200607
7200616
7200628
7200643
7200645
7200649
7200652
7200703
7200721
7200729
7200731
7200744
7200784
7200799
7200813
7200818
7200821
7200823
7200831
7200870
7200911
7200933
7200938
7201233
7201574
7202003
36_ADC017
36_ADC018
36_ADC019
3600649_D
3600662_D
3600776_D
3600868_D
37_ADC029
37_ADC030
37_ADC031
38_ADC033
38_ADC034
38_ADC035
38_ADC036
38_ADC037
38_ADC038
38_ADC039
38_ADC040
3800880_D
3801096_D
3804625SU
39_ADC041
39_ADC045
3900546_D
3900563_I
3903505_I
4200541_I
45_ADC042
45_ADC043
45_ADC044
45_ADC046
45_ADC047
45_ADC048
4500576_D
4500632_D
4500693_D
50_ADC012
50_ADC013
50_ADC014
50_ADC015
50_ADC016
50_ADC020
5000653_D
5000734_D
51_ADC001
51_ADC002
51_ADC003
51_ADC004
51_ADC005
51_ADC006
51_ADC007
51_ADC008
51_ADC009
51_ADC010
51_ADC011
5100529_D
5100880_D
52_ADC021
52_ADC027
53_ADC022
53_ADC023
53_ADC024
53_ADC025
53_ADC026
53_ADC028
53_ADC032
5300555_D
5300767_D
70_ADC049
70_ADC050
7000583_D
72_ADC051
72_ADC052
72_ADC053
72_ADC054
72_ADC055
72_ADC056
72_ADC057
72_ADC058
72_ADC059
72_ADC060
72_ADC061
72_ADC062
72_ADC063
72_ADC064
72_ADC065
7200512_D
7200646_I
7200730_D
7200764_I
7200766_I
7200852_D
