1908	62.	34.	
1908	30.	30.	
1908	48.	0.	
1909	63.	63.	
1909	44.	43.	
1909	42.	42.	
1909	22.	0.	
1909	174.	0.	
1909	408.	0.	
1909	332.	0.	
1909	328.	0.	
1909	224.	33.	
1909	62.	0.	
1909	52.	52.	
1909	48.	48.	
1910	63.	63.	
1910	44.	44.	
1910	42.	0.	
1910	22.	0.	
1910	174.	0.	
1910	356.	0.	
1910	246.	0.	
1910	257.	0.	
1910	184.	125.	
1910	62.	0.	
1910	52.	52.	
1910	59.	59.	
1911	63.	63.	
1911	44.	44.	
1911	42.	0.	
1911	22.	0.	
1911	174.	0.	
1911	356.	0.	
1911	246.	0.	
1911	257.	0.	
1911	194.	0.	
1911	70.	0.	
1911	53.	53.	
1911	48.	48.	
1912	63.	63.	
1912	44.	44.	
1912	42.	8.	
1912	22.	0.	
1912	294.	0.	
1912	408.	0.	
1912	332.	0.	
1912	328.	0.	
1912	224.	0.	
1912	70.	0.	
1912	53.	53.	
1912	46.	46.	
1913	63.	63.	
1913	44.	32.	
1913	42.	42.	
1913	31.	0.	
1913	294.	0.	
1913	356.	0.	
1913	246.	0.	
1913	257.	0.	
1913	184.	0.	
1913	62.	0.	
1913	52.	52.	
1913	48.	48.	
1914	63.	63.	
1914	44.	0.	
1914	42.	0.	
1914	22.	0.	
1914	294.	0.	
1914	408.	0.	
1914	332.	0.	
1914	328.	0.	
1914	184.	0.	
1914	62.	0.	
1914	52.	52.	
1914	48.	48.	
1915	63.	63.	
1915	44.	44.	
1915	45.	45.	
1915	38.	0.	
1915	168.	0.	
1915	356.	0.	
1915	246.	0.	
1915	257.	0.	
1915	194.	132.	
1915	87.	48.	
1915	52.	52.	
1915	48.	48.	
1916	63.	63.	
1916	44.	44.	
1916	47.	0.	
1916	31.	0.	
1916	174.	0.	
1916	408.	0.	
1916	332.	0.	
1916	328.	0.	
1916	224.	0.	
1916	70.	0.	
1916	53.	53.	
1916	46.	46.	
1917	46.	28.	
1917	40.	0.	
1917	42.	42.	
1917	22.	0.	
1917	174.	0.	
1917	408.	0.	
1917	332.	0.	
1917	328.	0.	
1917	224.	0.	
1917	62.	0.	
1917	52.	52.	
1917	48.	48.	
1918	63.	63.	
1918	44.	0.	
1918	47.	0.	
1918	22.	0.	
1918	174.	0.	
1918	408.	0.	
1918	332.	0.	
1918	257.	0.	
1918	224.	0.	
1918	70.	0.	
1918	53.	53.	
1918	46.	46.	
1919	46.	0.	
1919	44.	0.	
1919	42.	0.	
1919	31.	0.	
1919	174.	0.	
1919	356.	0.	
1919	246.	0.	
1919	257.	0.	
1919	184.	125.	
1919	62.	34.	
1919	52.	52.	
1919	48.	48.	
1920	46.	46.	
1920	44.	0.	
1920	42.	0.	
1920	38.	0.	
1920	294.	0.	
1920	408.	0.	
1920	332.	0.	
1920	328.	0.	
1920	224.	0.	
1920	62.	0.	
1920	52.	52.	
1920	48.	48.	
1921	63.	63.	
1921	44.	44.	
1921	42.	0.	
1921	22.	0.	
1921	174.	0.	
1921	408.	0.	
1921	332.	0.	
1921	328.	0.	
1921	224.	0.	
1921	62.	0.	
1921	52.	52.	
1921	48.	48.	
1922	63.	63.	
1922	44.	0.	
1922	42.	0.	
1922	22.	0.	
1922	294.	0.	
1922	356.	0.	
1922	246.	0.	
1922	328.	0.	
1922	224.	0.	
1922	62.	0.	
1922	52.	52.	
1922	46.	46.	
1923	63.	14.	
1923	44.	0.	
1923	42.	0.	
1923	22.	0.	
1923	174.	0.	
1923	408.	0.	
1923	332.	0.	
1923	328.	0.	
1923	224.	0.	
1923	62.	0.	
1923	52.	52.	
1923	48.	0.	
1924	46.	0.	
1924	44.	0.	
1924	45.	45.	
1924	22.	0.	
1924	174.	0.	
1924	408.	0.	
1924	246.	0.	
1924	268.	0.	
1924	184.	0.	
1924	62.	34.	
1924	52.	52.	
1924	48.	0.	
1925	63.	16.	
1925	44.	44.	
1925	42.	0.	
1925	31.	0.	
1925	174.	0.	
1925	356.	0.	
1925	246.	0.	
1925	328.	0.	
1925	224.	0.	
1925	70.	0.	
1925	53.	53.	
1925	48.	0.	
1926	63.	63.	
1926	44.	0.	
1926	42.	0.	
1926	22.	0.	
1926	174.	0.	
1926	356.	0.	
1926	246.	0.	
1926	257.	0.	
1926	184.	0.	
1926	62.	0.	
1926	52.	52.	
1926	48.	48.	
1927	63.	63.	
1927	44.	44.	
1927	42.	0.	
1927	22.	0.	
1927	294.	0.	
1927	408.	0.	
1927	246.	0.	
1927	328.	0.	
1927	224.	106.	
1927	70.	0.	
1927	53.	53.	
1927	46.	0.	
1928	63.	0.	
1928	44.	0.	
1928	42.	0.	
1928	22.	0.	
1928	294.	0.	
1928	356.	0.	
1928	332.	0.	
1928	257.	0.	
1928	184.	0.	
1928	62.	0.	
1928	52.	52.	
1928	48.	0.	
1929	63.	0.	
1929	44.	0.	
1929	42.	0.	
1929	22.	0.	
1929	174.	0.	
1929	408.	0.	
1929	332.	0.	
1929	328.	0.	
1929	224.	106.	
1929	70.	0.	
1929	53.	53.	
1929	48.	0.	
1930	63.	63.	
1930	44.	44.	
1930	45.	0.	
1930	31.	0.	
1930	174.	0.	
1930	356.	0.	
1930	246.	0.	
1930	328.	0.	
1930	184.	0.	
1930	62.	0.	
1930	52.	52.	
1930	48.	48.	
1931	63.	63.	
1931	41.	41.	
1931	45.	0.	
1931	38.	0.	
1931	168.	0.	
1931	356.	0.	
1931	250.	0.	
1931	268.	0.	
1931	194.	132.	
1931	62.	34.	
1931	30.	30.	
1931	59.	59.	
1932	26.	26.	
1932	44.	44.	
1932	45.	0.	
1932	22.	0.	
1932	294.	0.	
1932	408.	0.	
1932	332.	0.	
1932	328.	0.	
1932	184.	0.	
1932	62.	0.	
1932	52.	52.	
1932	48.	48.	
1933	46.	46.	
1933	44.	0.	
1933	42.	0.	
1933	38.	0.	
1933	174.	0.	
1933	408.	0.	
1933	246.	0.	
1933	257.	0.	
1933	184.	0.	
1933	87.	48.	
1933	30.	30.	
1933	59.	59.	
1934	63.	63.	
1934	41.	41.	
1934	42.	42.	
1934	22.	0.	
1934	174.	0.	
1934	327.	0.	
1934	250.	145.	
1934	268.	268.	
1934	194.	194.	
1934	87.	87.	
1934	30.	30.	
1934	59.	59.	
1935	26.	26.	
1935	41.	41.	
1935	45.	45.	
1935	38.	0.	
1935	168.	0.	
1935	408.	0.	
1935	246.	0.	
1935	257.	0.	
1935	184.	0.	
1935	87.	48.	
1935	30.	30.	
1935	59.	59.	
1936	26.	26.	
1936	41.	41.	
1936	45.	45.	
1936	31.	0.	
1936	294.	0.	
1936	356.	0.	
1936	246.	0.	
1936	328.	260.	
1936	184.	147.	
1936	87.	87.	
1936	30.	30.	
1936	59.	59.	
1937	26.	26.	
1937	41.	41.	
1937	45.	45.	
1937	22.	0.	
1937	294.	0.	
1937	356.	0.	
1937	246.	0.	
1937	268.	0.	
1937	184.	0.	
1937	62.	34.	
1937	52.	52.	
1937	48.	48.	
1938	26.	26.	
1938	41.	41.	
1938	42.	0.	
1938	31.	0.	
1938	294.	0.	
1938	408.	0.	
1938	332.	0.	
1938	257.	0.	
1938	224.	0.	
1938	62.	0.	
1938	52.	52.	
1938	48.	48.	
1939	63.	63.	
1939	41.	41.	
1939	42.	0.	
1939	31.	0.	
1939	294.	0.	
1939	356.	0.	
1939	250.	0.	
1939	268.	0.	
1939	194.	132.	
1939	87.	48.	
1939	30.	30.	
1939	59.	59.	
1940	26.	26.	
1940	41.	41.	
1940	45.	0.	
1940	22.	0.	
1940	174.	0.	
1940	356.	0.	
1940	250.	0.	
1940	268.	193.	
1940	194.	179.	
1940	62.	0.	
1940	30.	30.	
1940	59.	59.	
1941	26.	26.	
1941	41.	41.	
1941	45.	45.	
1941	38.	0.	
1941	294.	24.	
1941	356.	0.	
1941	246.	0.	
1941	257.	0.	
1941	184.	0.	
1941	70.	0.	
1941	52.	52.	
1941	48.	48.	
1942	63.	63.	
1942	44.	44.	
1942	42.	42.	
1942	31.	0.	
1942	294.	0.	
1942	408.	0.	
1942	246.	0.	
1942	257.	0.	
1942	194.	0.	
1942	87.	0.	
1942	30.	30.	
1942	59.	59.	
1943	26.	26.	
1943	41.	41.	
1943	45.	45.	
1943	31.	0.	
1943	174.	0.	
1943	356.	0.	
1943	246.	0.	
1943	257.	0.	
1943	184.	0.	
1943	87.	48.	
1943	52.	52.	
1943	48.	48.	
1944	26.	26.	
1944	41.	41.	
1944	45.	45.	
1944	38.	0.	
1944	174.	0.	
1944	356.	0.	
1944	246.	0.	
1944	268.	0.	
1944	194.	0.	
1944	87.	0.	
1944	52.	52.	
1944	48.	48.	
1945	26.	26.	
1945	41.	41.	
1945	42.	42.	
1945	38.	0.	
1945	174.	0.	
1945	356.	0.	
1945	246.	0.	
1945	328.	0.	
1945	184.	0.	
1945	62.	0.	
1945	52.	52.	
1945	46.	46.	
1946	46.	46.	
1946	44.	44.	
1946	42.	42.	
1946	31.	0.	
1946	174.	0.	
1946	356.	0.	
1946	246.	0.	
1946	268.	0.	
1946	194.	93.	
1946	62.	0.	
1946	52.	52.	
1946	46.	46.	
1947	26.	26.	
1947	44.	44.	
1947	42.	42.	
1947	22.	0.	
1947	294.	0.	
1947	408.	0.	
1947	332.	0.	
1947	328.	0.	
1947	184.	0.	
1947	62.	0.	
1947	53.	53.	
1947	46.	46.	
1948	46.	46.	
1948	40.	40.	
1948	42.	42.	
1948	31.	0.	
1948	294.	0.	
1948	356.	0.	
1948	246.	0.	
1948	257.	0.	
1948	194.	0.	
1948	87.	48.	
1948	52.	52.	
1948	59.	59.	
1949	63.	63.	
1949	44.	44.	
1949	42.	42.	
1949	22.	0.	
1949	174.	0.	
1949	408.	0.	
1949	332.	0.	
1949	257.	0.	
1949	184.	0.	
1949	62.	0.	
1949	52.	52.	
1949	48.	48.	
1950	63.	63.	
1950	44.	44.	
1950	47.	47.	
1950	30.	0.	
1950	191.	0.	
1950	356.	0.	
1950	226.	0.	
1950	289.	0.	
1950	189.	0.	
1950	120.	66.	
1950	30.	30.	
1950	48.	48.	
1951	63.	63.	
1951	44.	44.	
1951	42.	42.	
1951	22.	0.	
1951	181.	0.	
1951	356.	0.	
1951	274.	169.	
1951	256.	256.	
1951	189.	189.	
1951	56.	56.	
1951	52.	52.	
1951	48.	48.	
1952	63.	63.	
1952	44.	44.	
1952	42.	42.	
1952	69.	1.	
1952	294.	0.	
1952	408.	0.	
1952	270.	0.	
1952	328.	0.	
1952	224.	0.	
1952	102.	56.	
1952	52.	52.	
1952	48.	48.	
1953	63.	63.	
1953	44.	44.	
1953	42.	42.	
1953	10.	0.	
1953	158.	0.	
1953	356.	0.	
1953	224.	0.	
1953	256.	0.	
1953	247.	168.	
1953	69.	43.	
1953	30.	30.	
1953	48.	48.	
1954	63.	63.	
1954	44.	44.	
1954	42.	42.	
1954	22.	0.	
1954	183.	0.	
1954	330.	0.	
1954	274.	227.	
1954	296.	296.	
1954	189.	189.	
1954	73.	73.	
1954	30.	30.	
1954	59.	59.	
1955	26.	26.	
1955	41.	41.	
1955	45.	45.	
1955	22.	0.	
1955	160.	0.	
1955	309.	0.	
1955	246.	0.	
1955	264.	221.	
1955	247.	247.	
1955	96.	96.	
1955	30.	30.	
1955	59.	59.	
1956	26.	26.	
1956	41.	41.	
1956	42.	42.	
1956	22.	0.	
1956	221.	0.	
1956	356.	0.	
1956	231.	181.	
1956	311.	311.	
1956	250.	250.	
1956	93.	93.	
1956	30.	30.	
1956	59.	59.	
1957	26.	26.	
1957	44.	44.	
1957	45.	45.	
1957	22.	0.	
1957	141.	0.	
1957	408.	0.	
1957	332.	0.	
1957	328.	0.	
1957	216.	0.	
1957	53.	0.	
1957	52.	52.	
1957	48.	48.	
1958	63.	63.	
1958	40.	13.	
1958	47.	19.	
1958	123.	0.	
1958	294.	0.	
1958	357.	0.	
1958	265.	0.	
1958	336.	0.	
1958	189.	0.	
1958	109.	60.	
1958	30.	30.	
1958	59.	59.	
1959	63.	63.	
1959	44.	44.	
1959	45.	45.	
1959	10.	0.	
1959	202.	0.	
1959	356.	0.	
1959	278.	173.	
1959	246.	246.	
1959	189.	189.	
1959	71.	71.	
1959	52.	52.	
1959	48.	48.	
1960	63.	63.	
1960	44.	44.	
1960	47.	19.	
1960	30.	0.	
1960	191.	0.	
1960	356.	0.	
1960	276.	0.	
1960	293.	221.	
1960	197.	197.	
1960	87.	87.	
1960	30.	30.	
1960	48.	48.	
1961	63.	63.	
1961	44.	44.	
1961	45.	45.	
1961	10.	0.	
1961	172.	0.	
1961	364.	0.	
1961	265.	0.	
1961	232.	0.	
1961	224.	0.	
1961	70.	0.	
1961	52.	52.	
1961	46.	46.	
1962	46.	46.	
1962	40.	0.	
1962	47.	47.	
1962	30.	0.	
1962	294.	0.	
1962	356.	0.	
1962	332.	0.	
1962	332.	0.	
1962	184.	0.	
1962	96.	0.	
1962	53.	53.	
1962	48.	48.	
1963	63.	63.	
1963	44.	44.	
1963	42.	0.	
1963	10.	0.	
1963	226.	0.	
1963	323.	218.	
1963	235.	235.	
1963	207.	207.	
1963	189.	189.	
1963	69.	69.	
1963	30.	30.	
1963	59.	59.	
1964	26.	26.	
1964	41.	41.	
1964	45.	45.	
1964	23.	0.	
1964	155.	0.	
1964	327.	0.	
1964	272.	0.	
1964	256.	0.	
1964	181.	123.	
1964	122.	75.	
1964	30.	30.	
1964	48.	48.	
1965	63.	63.	
1965	44.	44.	
1965	45.	45.	
1965	46.	0.	
1965	151.	0.	
1965	356.	0.	
1965	332.	0.	
1965	328.	0.	
1965	224.	0.	
1965	100.	0.	
1965	53.	53.	
1965	46.	46.	
1966	46.	46.	
1966	40.	40.	
1966	47.	0.	
1966	22.	0.	
1966	185.	0.	
1966	345.	0.	
1966	289.	0.	
1966	264.	0.	
1966	203.	138.	
1966	71.	39.	
1966	30.	30.	
1966	59.	59.	
1967	63.	63.	
1967	41.	41.	
1967	42.	0.	
1967	22.	0.	
1967	162.	0.	
1967	356.	0.	
1967	235.	0.	
1967	250.	180.	
1967	175.	142.	
1967	69.	69.	
1967	52.	52.	
1967	48.	48.	
1968	63.	63.	
1968	44.	44.	
1968	42.	42.	
1968	108.	0.	
1968	168.	0.	
1968	356.	0.	
1968	243.	0.	
1968	328.	0.	
1968	209.	0.	
1968	78.	0.	
1968	52.	52.	
1968	48.	48.	
1969	46.	46.	
1969	44.	44.	
1969	42.	42.	
1969	69.	25.	
1969	219.	0.	
1969	242.	0.	
1969	257.	0.	
1969	256.	0.	
1969	175.	0.	
1969	70.	0.	
1969	13.	13.	
1969	25.	25.	
1970	25.	25.	
1970	15.	15.	
1970	12.	12.	
1970	92.	0.	
1970	355.	0.	
1970	393.	0.	
1970	243.	0.	
1970	296.	0.	
1970	176.	0.	
1970	42.	0.	
1970	53.	53.	
1970	46.	46.	
1971	46.	46.	
1971	40.	28.	
1971	47.	0.	
1971	69.	0.	
1971	172.	0.	
1971	356.	0.	
1971	259.	0.	
1971	275.	0.	
1971	224.	0.	
1971	53.	0.	
1971	0.	0.	
1971	0.	0.	
1972	0.	0.	
1972	0.	0.	
1972	0.	0.	
1972	0.	0.	
1972	202.	0.	
1972	318.	0.	
1972	259.	0.	
1972	264.	190.	
1972	163.	132.	
1972	18.	0.	
1972	0.	0.	
1972	0.	0.	
1973	0.	0.	
1973	0.	0.	
1973	0.	0.	
1973	123.	0.	
1973	153.	0.	
1973	270.	0.	
1973	226.	0.	
1973	287.	0.	
1973	266.	0.	
1973	93.	0.	
1973	0.	0.	
1973	0.	0.	
1974	0.	0.	
1974	0.	0.	
1974	0.	0.	
1974	0.	0.	
1974	217.	0.	
1974	334.	0.	
1974	239.	0.	
1974	298.	219.	
1974	197.	171.	
1974	80.	80.	
1974	0.	0.	
1974	0.	0.	
1975	0.	0.	
1975	0.	0.	
1975	0.	0.	
1975	77.	13.	
1975	151.	0.	
1975	310.	0.	
1975	276.	0.	
1975	322.	0.	
1975	194.	0.	
1975	51.	0.	
1975	0.	0.	
1975	0.	0.	
1976	0.	0.	
1976	0.	0.	
1976	0.	0.	
1976	15.	0.	
1976	238.	0.	
1976	309.	0.	
1976	239.	0.	
1976	296.	0.	
1976	181.	123.	
1976	69.	38.	
1976	42.	42.	
1976	60.	60.	
1977	42.	42.	
1977	28.	28.	
1977	31.	31.	
1977	14.	6.	
1977	175.	0.	
1977	352.	330.	
1977	244.	244.	
1977	257.	257.	
1977	184.	184.	
1977	76.	76.	
1977	15.	15.	
1977	16.	16.	
1978	16.	16.	
1978	14.	14.	
1978	39.	39.	
1978	49.	0.	
1978	183.	0.	
1978	362.	0.	
1978	261.	0.	
1978	314.	0.	
1978	238.	0.	
1978	102.	56.	
1978	0.	0.	
1978	0.	0.	
1979	0.	0.	
1979	0.	0.	
1979	0.	0.	
1979	0.	0.	
1979	164.	0.	
1979	435.	0.	
1979	344.	0.	
1979	293.	0.	
1979	250.	0.	
1979	84.	46.	
1979	45.	45.	
1979	46.	46.	
1980	46.	46.	
1980	43.	43.	
1980	46.	46.	
1980	43.	0.	
1980	149.	0.	
1980	430.	0.	
1980	259.	0.	
1980	300.	0.	
1980	234.	0.	
1980	76.	42.	
1980	18.	18.	
1980	18.	18.	
1981	18.	18.	
1981	17.	17.	
1981	18.	18.	
1981	0.	0.	
1981	140.	0.	
1981	334.	0.	
1981	237.	132.	
1981	279.	279.	
1981	223.	223.	
1981	42.	42.	
1981	45.	45.	
1981	46.	46.	
1982	46.	46.	
1982	42.	42.	
1982	46.	46.	
1982	146.	0.	
1982	214.	0.	
1982	682.	0.	
1982	220.	0.	
1982	268.	0.	
1982	177.	0.	
1982	42.	0.	
1982	44.	44.	
1982	52.	52.	
1983	52.	52.	
1983	47.	47.	
1983	46.	46.	
1983	108.	0.	
1983	109.	0.	
1983	466.	0.	
1983	508.	0.	
1983	552.	105.	
1983	361.	0.	
1983	148.	0.	
1983	74.	74.	
1983	77.	77.	
1984	77.	0.	
1984	72.	71.	
1984	77.	77.	
1984	77.	0.	
1984	208.	0.	
1984	576.	0.	
1984	323.	0.	
1984	378.	278.	
1984	280.	0.	
1984	102.	0.	
1984	74.	74.	
1984	77.	77.	
1985	77.	77.	
1985	69.	69.	
1985	77.	77.	
1985	0.	0.	
1985	270.	0.	
1985	602.	0.	
1985	250.	0.	
1985	300.	0.	
1985	294.	0.	
1985	153.	0.	
1985	0.	0.	
1985	0.	0.	
1986	0.	0.	
1986	0.	0.	
1986	0.	0.	
1986	0.	0.	
1986	356.	0.	
1986	628.	0.	
1986	375.	0.	
1986	306.	0.	
1986	394.	0.	
1986	95.	0.	
1986	0.	0.	
1986	0.	0.	
1987	0.	0.	
1987	0.	0.	
1987	0.	0.	
1987	54.	0.	
1987	233.	0.	
1987	587.	0.	
1987	242.	0.	
1987	237.	0.	
1987	220.	0.	
1987	117.	85.	
1987	0.	0.	
1987	0.	0.	
1988	0.	0.	
1988	0.	0.	
1988	0.	0.	
1988	92.	0.	
1988	192.	0.	
1988	323.	0.	
1988	265.	0.	
1988	232.	167.	
1988	124.	89.	
1988	113.	108.	
1988	0.	0.	
1988	0.	0.	
1989	0.	0.	
1989	0.	0.	
1989	0.	0.	
1989	22.	0.	
1989	208.	0.	
1989	332.	0.	
1989	250.	203.	
1989	250.	250.	
1989	203.	203.	
1989	67.	67.	
1989	0.	0.	
1989	0.	0.	
1990	0.	0.	
1990	0.	0.	
1990	0.	0.	
1990	0.	0.	
1990	174.	0.	
1990	364.	362.	
1990	220.	220.	
1990	268.	268.	
1990	203.	203.	
1990	51.	51.	
1990	0.	0.	
1990	0.	0.	
1991	0.	0.	
1991	0.	0.	
1991	0.	0.	
1991	69.	0.	
1991	189.	0.	
1991	291.	0.	
1991	248.	0.	
1991	275.	0.	
1991	191.	130.	
1991	49.	27.	
1991	0.	0.	
1991	0.	0.	
1992	0.	0.	
1992	0.	0.	
1992	0.	0.	
1992	0.	0.	
1992	270.	0.	
1992	323.	0.	
1992	224.	0.	
1992	271.	0.	
1992	200.	136.	
1992	71.	39.	
1992	0.	0.	
1992	0.	0.	
1993	0.	0.	
1993	0.	0.	
1993	0.	0.	
1993	0.	0.	
1993	273.	56.	
1993	325.	0.	
1993	354.	0.	
1993	337.	0.	
1993	228.	0.	
1993	56.	0.	
1993	0.	0.	
1993	0.	0.	
1994	0.	0.	
1994	0.	0.	
1994	0.	0.	
1994	0.	0.	
1994	213.	0.	
1994	361.	0.	
1994	287.	0.	
1994	271.	195.	
1994	203.	174.	
1994	107.	107.	
1994	89.	89.	
1994	92.	92.	
1995	92.	92.	
1995	83.	83.	
1995	92.	92.	
1995	89.	89.	
1995	235.	101.	
1995	273.	0.	
1995	300.	0.	
1995	292.	0.	
1995	147.	0.	
1995	87.	0.	
1995	89.	89.	
1995	92.	92.	
1996	92.	92.	
1996	86.	86.	
1996	92.	92.	
1996	42.	0.	
1996	329.	0.	
1996	325.	0.	
1996	241.	0.	
1996	274.	0.	
1996	254.	203.	
1996	90.	0.	
1996	89.	89.	
1996	92.	92.	
1997	92.	92.	
1997	83.	83.	
1997	92.	87.	
1997	43.	0.	
1997	275.	0.	
1997	559.	0.	
1997	278.	0.	
1997	270.	148.	
1997	156.	0.	
1997	92.	0.	
1997	107.	107.	
1997	123.	123.	
1998	109.	109.	
1998	87.	87.	
1998	113.	113.	
1998	83.	0.	
1998	200.	0.	
1998	517.	0.	
1998	267.	0.	
1998	316.	0.	
1998	222.	0.	
1998	64.	0.	
1998	149.	149.	
1998	154.	154.	
1999	154.	154.	
1999	139.	139.	
1999	154.	154.	
1999	23.	0.	
1999	166.	0.	
1999	336.	0.	
1999	268.	0.	
1999	251.	129.	
1999	197.	0.	
1999	116.	64.	
1999	89.	89.	
1999	92.	92.	
2000	92.	92.	
2000	86.	86.	
2000	92.	92.	
2000	33.	0.	
2000	181.	0.	
2000	323.	0.	
2000	244.	139.	
2000	257.	257.	
2000	175.	175.	
2000	74.	74.	
2000	179.	179.	
2000	133.	133.	
2001	105.	105.	
2001	56.	56.	
2001	6.	0.	
2001	0.	0.	
2001	177.	0.	
2001	327.	0.	
2001	241.	204.	
2001	246.	246.	
2001	181.	181.	
2001	71.	71.	
2001	89.	89.	
2001	92.	92.	
2002	92.	92.	
2002	83.	83.	
2002	92.	92.	
2002	6.	0.	
2002	172.	0.	
2002	336.	331.	
2002	250.	250.	
2002	246.	246.	
2002	202.	202.	
2002	55.	55.	
2002	30.	30.	
2002	31.	31.	
2003	31.	31.	
2003	28.	28.	
2003	31.	0.	
2003	10.	0.	
2003	174.	0.	
2003	318.	0.	
2003	267.	0.	
2003	257.	196.	
2003	169.	169.	
2003	71.	71.	
2003	60.	60.	
2003	61.	61.	
2004	61.	0.	
2004	58.	58.	
2004	61.	61.	
2004	22.	0.	
2004	175.	0.	
2004	323.	0.	
2004	239.	160.	
2004	243.	243.	
2004	166.	166.	
2004	92.	92.	
2004	119.	119.	
2004	123.	123.	
2005	123.	123.	
2005	111.	111.	
2005	123.	123.	
2005	119.	0.	
2005	170.	0.	
2005	302.	0.	
2005	244.	0.	
2005	291.	0.	
2005	226.	0.	
2005	122.	91.	
2005	119.	119.	
2005	123.	123.	
2006	123.	123.	
2006	111.	111.	
2006	123.	123.	
2006	52.	0.	
2006	202.	0.	
2006	336.	0.	
2006	243.	0.	
2006	243.	0.	
2006	156.	106.	
2006	123.	0.	
2006	119.	119.	
2006	123.	123.	
2007	123.	123.	
2007	111.	111.	
2007	123.	0.	
2007	36.	0.	
2007	172.	0.	
2007	330.	0.	
2007	250.	0.	
2007	257.	185.	
2007	175.	142.	
2007	67.	0.	
2007	0.	0.	
2007	0.	0.	
2008	0.	0.	
2008	0.	0.	
2008	0.	0.	
2008	85.	0.	
2008	158.	0.	
2008	380.	0.	
2008	368.	0.	
2008	309.	0.	
2008	237.	0.	
2008	64.	35.	
2008	52.	52.	
2008	61.	61.	
2009	61.	61.	
2009	56.	56.	
2009	61.	0.	
2009	18.	0.	
2009	290.	0.	
2009	332.	0.	
2009	267.	0.	
2009	329.	0.	
2009	305.	249.	
2009	65.	45.	
2009	149.	149.	
2009	154.	154.	
2010	154.	154.	
2010	139.	139.	
2010	154.	154.	
2010	69.	0.	
2010	160.	0.	
2010	330.	0.	
2010	244.	0.	
2010	243.	175.	
2010	181.	148.	
2010	95.	95.	
2010	60.	60.	
2010	61.	61.	
2011	61.	61.	
2011	56.	56.	
2011	61.	0.	
2011	18.	0.	
2011	157.	0.	
2011	318.	0.	
2011	282.	0.	
2011	261.	0.	
2011	206.	0.	
2011	60.	0.	
2011	89.	89.	
2011	48.	48.	
2012	0.	0.	
2012	0.	0.	
2012	0.	0.	
2012	0.	0.	
2012	181.	0.	
2012	348.	243.	
2012	244.	244.	
2012	261.	261.	
2012	175.	175.	
2012	64.	64.	
2012	60.	60.	
2012	61.	61.	
2013	61.	61.	
2013	56.	56.	
2013	61.	0.	
2013	60.	0.	
2013	168.	0.	
2013	332.	0.	
2013	241.	147.	
2013	243.	243.	
2013	172.	172.	
