1908	701.	0.	
1908	247.	0.	
1908	0.	0.	
1909	0.	0.	
1909	0.	0.	
1909	0.	0.	
1909	100.	0.	
1909	417.	0.	
1909	638.	0.	
1909	800.	0.	
1909	737.	0.	
1909	700.	0.	
1909	701.	0.	
1909	38.	0.	
1909	0.	0.	
1910	0.	0.	
1910	0.	0.	
1910	0.	0.	
1910	100.	0.	
1910	417.	0.	
1910	752.	0.	
1910	843.	0.	
1910	825.	0.	
1910	850.	0.	
1910	701.	0.	
1910	247.	0.	
1910	16.	0.	
1911	0.	0.	
1911	0.	0.	
1911	0.	0.	
1911	100.	0.	
1911	450.	0.	
1911	752.	0.	
1911	843.	0.	
1911	825.	0.	
1911	860.	0.	
1911	463.	0.	
1911	20.	0.	
1911	0.	0.	
1912	0.	0.	
1912	0.	0.	
1912	0.	0.	
1912	100.	0.	
1912	450.	0.	
1912	638.	0.	
1912	800.	0.	
1912	737.	0.	
1912	700.	0.	
1912	463.	0.	
1912	20.	0.	
1912	0.	0.	
1913	0.	0.	
1913	0.	0.	
1913	0.	0.	
1913	100.	0.	
1913	450.	0.	
1913	752.	0.	
1913	843.	0.	
1913	825.	0.	
1913	850.	0.	
1913	701.	0.	
1913	38.	0.	
1913	0.	0.	
1914	0.	0.	
1914	0.	0.	
1914	0.	0.	
1914	100.	0.	
1914	450.	0.	
1914	638.	0.	
1914	800.	0.	
1914	737.	0.	
1914	850.	0.	
1914	701.	0.	
1914	38.	0.	
1914	0.	0.	
1915	0.	0.	
1915	0.	0.	
1915	0.	0.	
1915	100.	0.	
1915	367.	0.	
1915	752.	0.	
1915	843.	0.	
1915	934.	0.	
1915	860.	0.	
1915	701.	0.	
1915	247.	0.	
1915	0.	0.	
1916	0.	0.	
1916	0.	0.	
1916	0.	0.	
1916	100.	0.	
1916	417.	0.	
1916	638.	0.	
1916	800.	0.	
1916	737.	0.	
1916	700.	0.	
1916	463.	0.	
1916	38.	0.	
1916	0.	0.	
1917	0.	0.	
1917	0.	0.	
1917	0.	0.	
1917	100.	0.	
1917	417.	0.	
1917	638.	0.	
1917	800.	0.	
1917	737.	0.	
1917	700.	0.	
1917	701.	0.	
1917	38.	0.	
1917	0.	0.	
1918	0.	0.	
1918	0.	0.	
1918	0.	0.	
1918	100.	0.	
1918	450.	0.	
1918	638.	0.	
1918	843.	0.	
1918	825.	0.	
1918	700.	0.	
1918	463.	0.	
1918	20.	0.	
1918	0.	0.	
1919	0.	0.	
1919	0.	0.	
1919	0.	0.	
1919	100.	0.	
1919	450.	0.	
1919	752.	0.	
1919	843.	0.	
1919	825.	0.	
1919	850.	0.	
1919	701.	0.	
1919	38.	0.	
1919	0.	0.	
1920	0.	0.	
1920	0.	0.	
1920	0.	0.	
1920	100.	0.	
1920	450.	0.	
1920	638.	0.	
1920	800.	0.	
1920	737.	0.	
1920	850.	0.	
1920	701.	0.	
1920	38.	0.	
1920	0.	0.	
1921	0.	0.	
1921	0.	0.	
1921	0.	0.	
1921	100.	0.	
1921	417.	0.	
1921	638.	0.	
1921	800.	0.	
1921	737.	0.	
1921	700.	0.	
1921	701.	0.	
1921	38.	0.	
1921	0.	0.	
1922	0.	0.	
1922	0.	0.	
1922	0.	0.	
1922	100.	0.	
1922	450.	0.	
1922	752.	0.	
1922	843.	0.	
1922	825.	0.	
1922	850.	0.	
1922	701.	0.	
1922	38.	0.	
1922	0.	0.	
1923	0.	0.	
1923	0.	0.	
1923	0.	0.	
1923	100.	0.	
1923	450.	0.	
1923	638.	0.	
1923	800.	0.	
1923	737.	0.	
1923	700.	0.	
1923	701.	0.	
1923	38.	0.	
1923	0.	0.	
1924	0.	0.	
1924	0.	0.	
1924	0.	0.	
1924	100.	0.	
1924	417.	0.	
1924	638.	0.	
1924	843.	0.	
1924	934.	0.	
1924	850.	0.	
1924	701.	0.	
1924	38.	0.	
1924	16.	0.	
1925	0.	0.	
1925	0.	0.	
1925	0.	0.	
1925	100.	0.	
1925	417.	0.	
1925	752.	0.	
1925	843.	0.	
1925	737.	0.	
1925	700.	0.	
1925	463.	0.	
1925	20.	0.	
1925	0.	0.	
1926	0.	0.	
1926	0.	0.	
1926	0.	0.	
1926	100.	0.	
1926	417.	0.	
1926	752.	0.	
1926	843.	0.	
1926	825.	0.	
1926	850.	0.	
1926	701.	0.	
1926	38.	0.	
1926	0.	0.	
1927	0.	0.	
1927	0.	0.	
1927	0.	0.	
1927	100.	0.	
1927	450.	0.	
1927	638.	0.	
1927	843.	0.	
1927	737.	0.	
1927	700.	0.	
1927	463.	0.	
1927	20.	0.	
1927	0.	0.	
1928	0.	0.	
1928	0.	0.	
1928	0.	0.	
1928	100.	0.	
1928	450.	0.	
1928	752.	0.	
1928	843.	0.	
1928	825.	0.	
1928	850.	0.	
1928	701.	0.	
1928	38.	0.	
1928	0.	0.	
1929	0.	0.	
1929	0.	0.	
1929	0.	0.	
1929	100.	0.	
1929	450.	0.	
1929	638.	0.	
1929	843.	0.	
1929	737.	0.	
1929	700.	0.	
1929	463.	0.	
1929	20.	0.	
1929	0.	0.	
1930	0.	0.	
1930	0.	0.	
1930	0.	0.	
1930	100.	0.	
1930	417.	0.	
1930	752.	0.	
1930	843.	0.	
1930	737.	0.	
1930	850.	0.	
1930	701.	0.	
1930	247.	0.	
1930	0.	0.	
1931	0.	0.	
1931	0.	0.	
1931	0.	0.	
1931	100.	0.	
1931	367.	0.	
1931	837.	0.	
1931	932.	0.	
1931	934.	0.	
1931	860.	0.	
1931	701.	0.	
1931	247.	0.	
1931	16.	0.	
1932	0.	0.	
1932	0.	0.	
1932	0.	0.	
1932	100.	0.	
1932	450.	0.	
1932	638.	0.	
1932	800.	0.	
1932	737.	0.	
1932	850.	0.	
1932	701.	0.	
1932	38.	0.	
1932	0.	0.	
1933	0.	0.	
1933	0.	0.	
1933	0.	0.	
1933	100.	0.	
1933	417.	0.	
1933	638.	0.	
1933	843.	0.	
1933	825.	0.	
1933	850.	0.	
1933	701.	0.	
1933	247.	0.	
1933	16.	0.	
1934	0.	0.	
1934	0.	0.	
1934	0.	0.	
1934	100.	0.	
1934	417.	0.	
1934	837.	0.	
1934	932.	0.	
1934	934.	0.	
1934	860.	0.	
1934	701.	0.	
1934	247.	0.	
1934	16.	0.	
1935	0.	0.	
1935	0.	0.	
1935	0.	0.	
1935	100.	0.	
1935	367.	0.	
1935	638.	0.	
1935	843.	0.	
1935	825.	0.	
1935	850.	0.	
1935	701.	0.	
1935	247.	0.	
1935	0.	0.	
1936	0.	0.	
1936	0.	0.	
1936	0.	0.	
1936	100.	0.	
1936	450.	0.	
1936	752.	0.	
1936	843.	0.	
1936	825.	0.	
1936	850.	0.	
1936	701.	0.	
1936	247.	0.	
1936	16.	0.	
1937	0.	0.	
1937	0.	0.	
1937	0.	0.	
1937	100.	0.	
1937	450.	0.	
1937	752.	0.	
1937	843.	0.	
1937	934.	0.	
1937	850.	0.	
1937	701.	0.	
1937	247.	0.	
1937	0.	0.	
1938	0.	0.	
1938	0.	0.	
1938	0.	0.	
1938	100.	0.	
1938	450.	0.	
1938	638.	0.	
1938	800.	0.	
1938	825.	0.	
1938	700.	0.	
1938	701.	0.	
1938	38.	0.	
1938	0.	0.	
1939	0.	0.	
1939	0.	0.	
1939	0.	0.	
1939	100.	0.	
1939	450.	0.	
1939	752.	0.	
1939	932.	0.	
1939	934.	0.	
1939	850.	0.	
1939	701.	0.	
1939	247.	0.	
1939	16.	0.	
1940	0.	0.	
1940	0.	0.	
1940	0.	0.	
1940	100.	0.	
1940	417.	0.	
1940	837.	0.	
1940	932.	0.	
1940	934.	0.	
1940	850.	0.	
1940	701.	0.	
1940	247.	0.	
1940	16.	0.	
1941	0.	0.	
1941	0.	0.	
1941	0.	0.	
1941	100.	0.	
1941	450.	0.	
1941	752.	0.	
1941	843.	0.	
1941	825.	0.	
1941	850.	0.	
1941	463.	0.	
1941	38.	0.	
1941	0.	0.	
1942	0.	0.	
1942	0.	0.	
1942	0.	0.	
1942	100.	0.	
1942	417.	0.	
1942	638.	0.	
1942	843.	0.	
1942	825.	0.	
1942	860.	0.	
1942	701.	0.	
1942	247.	0.	
1942	16.	0.	
1943	0.	0.	
1943	0.	0.	
1943	0.	0.	
1943	100.	0.	
1943	417.	0.	
1943	752.	0.	
1943	843.	0.	
1943	737.	0.	
1943	850.	0.	
1943	701.	0.	
1943	38.	0.	
1943	16.	0.	
1944	0.	0.	
1944	0.	0.	
1944	0.	0.	
1944	100.	0.	
1944	417.	0.	
1944	752.	0.	
1944	843.	0.	
1944	825.	0.	
1944	860.	0.	
1944	701.	0.	
1944	247.	0.	
1944	16.	0.	
1945	0.	0.	
1945	0.	0.	
1945	0.	0.	
1945	100.	0.	
1945	417.	0.	
1945	752.	0.	
1945	800.	0.	
1945	737.	0.	
1945	850.	0.	
1945	701.	0.	
1945	38.	0.	
1945	0.	0.	
1946	0.	0.	
1946	0.	0.	
1946	0.	0.	
1946	100.	0.	
1946	367.	0.	
1946	752.	0.	
1946	843.	0.	
1946	825.	0.	
1946	860.	0.	
1946	701.	0.	
1946	247.	0.	
1946	16.	0.	
1947	0.	0.	
1947	0.	0.	
1947	0.	0.	
1947	100.	0.	
1947	450.	0.	
1947	638.	0.	
1947	800.	0.	
1947	737.	0.	
1947	700.	0.	
1947	463.	0.	
1947	20.	0.	
1947	0.	0.	
1948	0.	0.	
1948	0.	0.	
1948	0.	0.	
1948	100.	0.	
1948	450.	0.	
1948	752.	0.	
1948	843.	0.	
1948	825.	0.	
1948	860.	0.	
1948	701.	0.	
1948	38.	0.	
1948	16.	0.	
1949	0.	0.	
1949	0.	0.	
1949	0.	0.	
1949	100.	0.	
1949	417.	0.	
1949	752.	0.	
1949	800.	0.	
1949	825.	0.	
1949	850.	0.	
1949	701.	0.	
1949	38.	0.	
1949	0.	0.	
1950	0.	0.	
1950	0.	0.	
1950	0.	0.	
1950	78.	0.	
1950	353.	0.	
1950	763.	0.	
1950	771.	0.	
1950	934.	0.	
1950	860.	0.	
1950	1000.	0.	
1950	38.	0.	
1950	0.	0.	
1951	0.	0.	
1951	0.	0.	
1951	0.	0.	
1951	78.	0.	
1951	353.	0.	
1951	752.	0.	
1951	871.	0.	
1951	793.	0.	
1951	860.	0.	
1951	701.	0.	
1951	38.	0.	
1951	16.	0.	
1952	0.	0.	
1952	0.	0.	
1952	0.	0.	
1952	29.	0.	
1952	483.	0.	
1952	825.	0.	
1952	814.	0.	
1952	737.	0.	
1952	812.	0.	
1952	900.	0.	
1952	38.	0.	
1952	0.	0.	
1953	0.	0.	
1953	0.	0.	
1953	0.	0.	
1953	47.	0.	
1953	348.	0.	
1953	763.	0.	
1953	886.	0.	
1953	800.	0.	
1953	860.	0.	
1953	701.	0.	
1953	38.	0.	
1953	16.	0.	
1954	0.	0.	
1954	0.	0.	
1954	0.	0.	
1954	400.	0.	
1954	450.	0.	
1954	837.	0.	
1954	932.	0.	
1954	934.	0.	
1954	860.	0.	
1954	701.	0.	
1954	247.	0.	
1954	16.	0.	
1955	0.	0.	
1955	0.	0.	
1955	0.	0.	
1955	78.	0.	
1955	353.	0.	
1955	837.	0.	
1955	857.	0.	
1955	825.	0.	
1955	860.	0.	
1955	701.	0.	
1955	247.	0.	
1955	16.	0.	
1956	0.	0.	
1956	0.	0.	
1956	0.	0.	
1956	78.	0.	
1956	583.	0.	
1956	788.	0.	
1956	932.	0.	
1956	934.	0.	
1956	860.	0.	
1956	701.	252.	
1956	247.	0.	
1956	16.	0.	
1957	0.	0.	
1957	0.	0.	
1957	0.	0.	
1957	78.	0.	
1957	353.	0.	
1957	688.	0.	
1957	857.	0.	
1957	800.	0.	
1957	650.	0.	
1957	701.	0.	
1957	38.	0.	
1957	0.	0.	
1958	0.	0.	
1958	0.	0.	
1958	0.	0.	
1958	47.	0.	
1958	500.	0.	
1958	775.	0.	
1958	932.	0.	
1958	934.	0.	
1958	860.	0.	
1958	701.	0.	
1958	38.	0.	
1958	0.	0.	
1959	0.	0.	
1959	0.	0.	
1959	0.	0.	
1959	47.	0.	
1959	400.	0.	
1959	775.	0.	
1959	932.	0.	
1959	800.	0.	
1959	860.	0.	
1959	701.	0.	
1959	38.	0.	
1959	16.	0.	
1960	0.	0.	
1960	0.	0.	
1960	0.	0.	
1960	29.	0.	
1960	353.	0.	
1960	752.	0.	
1960	829.	0.	
1960	934.	0.	
1960	860.	0.	
1960	701.	0.	
1960	247.	0.	
1960	16.	0.	
1961	0.	0.	
1961	0.	0.	
1961	0.	0.	
1961	47.	0.	
1961	400.	0.	
1961	837.	0.	
1961	932.	0.	
1961	934.	0.	
1961	650.	0.	
1961	500.	0.	
1961	38.	0.	
1961	0.	0.	
1962	0.	0.	
1962	0.	0.	
1962	0.	0.	
1962	400.	0.	
1962	550.	0.	
1962	788.	0.	
1962	900.	0.	
1962	850.	0.	
1962	812.	0.	
1962	800.	0.	
1962	38.	0.	
1962	16.	0.	
1963	0.	0.	
1963	0.	0.	
1963	0.	0.	
1963	500.	0.	
1963	700.	0.	
1963	837.	0.	
1963	971.	0.	
1963	934.	0.	
1963	850.	0.	
1963	1000.	0.	
1963	0.	0.	
1963	0.	0.	
1964	0.	0.	
1964	0.	0.	
1964	0.	0.	
1964	0.	0.	
1964	483.	0.	
1964	663.	0.	
1964	615.	0.	
1964	615.	0.	
1964	800.	0.	
1964	800.	0.	
1964	247.	0.	
1964	16.	0.	
1965	0.	0.	
1965	0.	0.	
1965	0.	0.	
1965	78.	0.	
1965	353.	0.	
1965	586.	0.	
1965	757.	0.	
1965	875.	0.	
1965	649.	0.	
1965	900.	0.	
1965	20.	0.	
1965	0.	0.	
1966	0.	0.	
1966	0.	0.	
1966	0.	0.	
1966	300.	0.	
1966	433.	0.	
1966	837.	0.	
1966	932.	0.	
1966	934.	0.	
1966	1000.	0.	
1966	701.	0.	
1966	247.	0.	
1966	0.	0.	
1967	0.	0.	
1967	0.	0.	
1967	0.	0.	
1967	47.	0.	
1967	417.	0.	
1967	752.	0.	
1967	914.	0.	
1967	900.	0.	
1967	812.	0.	
1967	701.	0.	
1967	247.	0.	
1967	0.	0.	
1968	0.	0.	
1968	0.	0.	
1968	0.	0.	
1968	47.	0.	
1968	383.	0.	
1968	850.	0.	
1968	767.	0.	
1968	737.	0.	
1968	812.	0.	
1968	701.	0.	
1968	38.	0.	
1968	0.	0.	
1969	0.	0.	
1969	0.	0.	
1969	0.	0.	
1969	500.	0.	
1969	717.	0.	
1969	837.	0.	
1969	929.	0.	
1969	1025.	0.	
1969	812.	0.	
1969	463.	0.	
1969	38.	0.	
1969	0.	0.	
1970	0.	0.	
1970	0.	0.	
1970	0.	0.	
1970	78.	0.	
1970	633.	0.	
1970	763.	0.	
1970	929.	0.	
1970	793.	0.	
1970	649.	0.	
1970	463.	0.	
1970	20.	0.	
1970	0.	0.	
1971	0.	0.	
1971	0.	0.	
1971	0.	0.	
1971	29.	0.	
1971	353.	0.	
1971	850.	0.	
1971	886.	0.	
1971	900.	0.	
1971	812.	0.	
1971	701.	0.	
1971	20.	0.	
1971	0.	0.	
1972	0.	0.	
1972	0.	0.	
1972	0.	0.	
1972	100.	0.	
1972	550.	0.	
1972	752.	0.	
1972	1014.	0.	
1972	934.	0.	
1972	812.	0.	
1972	600.	0.	
1972	20.	0.	
1972	0.	0.	
1973	0.	0.	
1973	0.	0.	
1973	0.	0.	
1973	47.	0.	
1973	353.	0.	
1973	752.	0.	
1973	843.	0.	
1973	825.	0.	
1973	850.	0.	
1973	800.	0.	
1973	20.	0.	
1973	0.	0.	
1974	0.	0.	
1974	0.	0.	
1974	0.	0.	
1974	100.	0.	
1974	617.	0.	
1974	763.	0.	
1974	771.	0.	
1974	800.	0.	
1974	860.	0.	
1974	701.	0.	
1974	0.	0.	
1974	0.	0.	
1975	0.	0.	
1975	0.	0.	
1975	0.	0.	
1975	0.	0.	
1975	476.	0.	
1975	893.	0.	
1975	922.	0.	
1975	1125.	0.	
1975	1500.	162.	
1975	417.	0.	
1975	0.	0.	
1975	0.	0.	
1976	0.	0.	
1976	0.	0.	
1976	0.	0.	
1976	0.	0.	
1976	922.	0.	
1976	893.	0.	
1976	922.	0.	
1976	950.	0.	
1976	1550.	212.	
1976	893.	0.	
1976	0.	0.	
1976	0.	0.	
1977	0.	0.	
1977	0.	0.	
1977	0.	0.	
1977	327.	0.	
1977	922.	0.	
1977	900.	0.	
1977	922.	0.	
1977	1075.	0.	
1977	1500.	496.	
1977	922.	0.	
1977	0.	0.	
1977	0.	0.	
1978	0.	0.	
1978	0.	0.	
1978	0.	0.	
1978	0.	0.	
1978	383.	0.	
1978	893.	0.	
1978	929.	0.	
1978	1000.	0.	
1978	900.	0.	
1978	922.	0.	
1978	0.	0.	
1978	0.	0.	
1979	0.	0.	
1979	0.	0.	
1979	0.	0.	
1979	0.	0.	
1979	250.	0.	
1979	893.	0.	
1979	943.	0.	
1979	922.	0.	
1979	1050.	0.	
1979	922.	0.	
1979	0.	0.	
1979	0.	0.	
1980	0.	0.	
1980	0.	0.	
1980	0.	0.	
1980	0.	0.	
1980	506.	0.	
1980	893.	0.	
1980	957.	0.	
1980	1075.	0.	
1980	900.	0.	
1980	922.	0.	
1980	0.	0.	
1980	0.	0.	
1981	0.	0.	
1981	0.	0.	
1981	0.	0.	
1981	400.	0.	
1981	267.	0.	
1981	825.	0.	
1981	829.	0.	
1981	1150.	0.	
1981	1200.	0.	
1981	600.	0.	
1981	0.	0.	
1981	0.	0.	
1982	0.	0.	
1982	0.	0.	
1982	0.	0.	
1982	0.	0.	
1982	317.	0.	
1982	714.	0.	
1982	786.	0.	
1982	1175.	0.	
1982	1650.	312.	
1982	100.	0.	
1982	0.	0.	
1982	0.	0.	
1983	0.	0.	
1983	0.	0.	
1983	0.	0.	
1983	0.	0.	
1983	117.	0.	
1983	714.	0.	
1983	857.	0.	
1983	1050.	0.	
1983	1650.	312.	
1983	738.	0.	
1983	0.	0.	
1983	0.	0.	
1984	0.	0.	
1984	0.	0.	
1984	0.	0.	
1984	0.	0.	
1984	483.	0.	
1984	714.	0.	
1984	800.	0.	
1984	750.	0.	
1984	900.	0.	
1984	738.	0.	
1984	0.	0.	
1984	0.	0.	
1985	0.	0.	
1985	0.	0.	
1985	0.	0.	
1985	0.	0.	
1985	405.	0.	
1985	775.	0.	
1985	900.	0.	
1985	850.	0.	
1985	600.	0.	
1985	209.	0.	
1985	0.	0.	
1985	0.	0.	
1986	0.	0.	
1986	0.	0.	
1986	0.	0.	
1986	0.	0.	
1986	861.	0.	
1986	833.	0.	
1986	861.	0.	
1986	875.	0.	
1986	619.	0.	
1986	300.	0.	
1986	0.	0.	
1986	0.	0.	
1987	0.	0.	
1987	0.	0.	
1987	0.	0.	
1987	0.	0.	
1987	500.	0.	
1987	985.	0.	
1987	953.	0.	
1987	1025.	0.	
1987	1300.	0.	
1987	873.	0.	
1987	0.	0.	
1987	0.	0.	
1988	0.	0.	
1988	0.	0.	
1988	0.	0.	
1988	0.	0.	
1988	333.	0.	
1988	789.	0.	
1988	1029.	0.	
1988	1175.	0.	
1988	1300.	0.	
1988	900.	0.	
1988	0.	0.	
1988	0.	0.	
1989	0.	0.	
1989	0.	0.	
1989	0.	0.	
1989	400.	0.	
1989	738.	0.	
1989	893.	0.	
1989	1043.	0.	
1989	800.	0.	
1989	800.	0.	
1989	500.	0.	
1989	0.	0.	
1989	0.	0.	
1990	0.	0.	
1990	0.	0.	
1990	0.	0.	
1990	200.	0.	
1990	450.	0.	
1990	875.	0.	
1990	1199.	0.	
1990	1075.	0.	
1990	1700.	362.	
1990	500.	0.	
1990	0.	0.	
1990	0.	0.	
1991	0.	0.	
1991	0.	0.	
1991	0.	0.	
1991	0.	0.	
1991	450.	0.	
1991	851.	0.	
1991	914.	0.	
1991	890.	0.	
1991	1030.	0.	
1991	824.	0.	
1991	0.	0.	
1991	0.	0.	
1992	0.	0.	
1992	0.	0.	
1992	0.	0.	
1992	600.	0.	
1992	666.	0.	
1992	828.	0.	
1992	853.	0.	
1992	922.	0.	
1992	893.	0.	
1992	839.	0.	
1992	0.	0.	
1992	0.	0.	
1993	0.	0.	
1993	0.	0.	
1993	0.	0.	
1993	0.	0.	
1993	317.	0.	
1993	794.	0.	
1993	849.	0.	
1993	849.	0.	
1993	1154.	0.	
1993	1172.	0.	
1993	0.	0.	
1993	0.	0.	
1994	0.	0.	
1994	0.	0.	
1994	0.	0.	
1994	0.	0.	
1994	810.	0.	
1994	851.	0.	
1994	879.	0.	
1994	879.	0.	
1994	839.	0.	
1994	773.	0.	
1994	0.	0.	
1994	0.	0.	
1995	0.	0.	
1995	0.	0.	
1995	0.	0.	
1995	0.	0.	
1995	200.	0.	
1995	425.	0.	
1995	400.	0.	
1995	508.	0.	
1995	650.	0.	
1995	100.	0.	
1995	0.	0.	
1995	0.	0.	
1996	0.	0.	
1996	0.	0.	
1996	0.	0.	
1996	100.	0.	
1996	483.	0.	
1996	700.	0.	
1996	821.	0.	
1996	794.	0.	
1996	708.	0.	
1996	325.	0.	
1996	0.	0.	
1996	0.	0.	
1997	0.	0.	
1997	0.	0.	
1997	0.	0.	
1997	0.	0.	
1997	433.	0.	
1997	750.	0.	
1997	957.	0.	
1997	824.	0.	
1997	1000.	0.	
1997	400.	0.	
1997	0.	0.	
1997	0.	0.	
1998	0.	0.	
1998	0.	0.	
1998	0.	0.	
1998	0.	0.	
1998	367.	0.	
1998	559.	0.	
1998	757.	0.	
1998	625.	0.	
1998	800.	0.	
1998	422.	0.	
1998	0.	0.	
1998	0.	0.	
1999	0.	0.	
1999	0.	0.	
1999	0.	0.	
1999	0.	0.	
1999	405.	0.	
1999	866.	0.	
1999	829.	0.	
1999	510.	0.	
1999	500.	0.	
1999	369.	0.	
1999	0.	0.	
1999	0.	0.	
2000	0.	0.	
2000	0.	0.	
2000	0.	0.	
2000	893.	0.	
2000	922.	0.	
2000	893.	0.	
2000	922.	0.	
2000	922.	0.	
2000	893.	0.	
2000	922.	0.	
2000	38.	0.	
2000	0.	0.	
2001	0.	0.	
2001	0.	0.	
2001	0.	0.	
2001	300.	0.	
2001	500.	0.	
2001	837.	0.	
2001	957.	0.	
2001	793.	0.	
2001	812.	0.	
2001	701.	0.	
2001	730.	0.	
2001	0.	0.	
2002	0.	0.	
2002	0.	0.	
2002	0.	0.	
2002	618.	0.	
2002	833.	0.	
2002	1314.	310.	
2002	1864.	1477.	
2002	1864.	826.	
2002	1272.	837.	
2002	833.	384.	
2002	989.	0.	
2002	66.	0.	
2003	0.	0.	
2003	0.	0.	
2003	0.	0.	
2003	97.	0.	
2003	993.	0.	
2003	1190.	0.	
2003	1301.	0.	
2003	953.	0.	
2003	989.	0.	
2003	900.	0.	
2003	0.	0.	
2003	0.	0.	
2004	0.	0.	
2004	0.	0.	
2004	0.	0.	
2004	300.	0.	
2004	433.	0.	
2004	750.	0.	
2004	843.	0.	
2004	775.	0.	
2004	750.	0.	
2004	775.	0.	
2004	0.	0.	
2004	0.	0.	
2005	0.	0.	
2005	0.	0.	
2005	0.	0.	
2005	0.	0.	
2005	383.	0.	
2005	625.	0.	
2005	1000.	0.	
2005	925.	0.	
2005	845.	0.	
2005	750.	0.	
2005	294.	0.	
2005	0.	0.	
2006	0.	0.	
2006	0.	0.	
2006	0.	0.	
2006	600.	0.	
2006	717.	0.	
2006	1029.	0.	
2006	1153.	0.	
2006	911.	0.	
2006	1006.	0.	
2006	1039.	0.	
2006	0.	0.	
2006	0.	0.	
2007	0.	0.	
2007	0.	0.	
2007	0.	0.	
2007	300.	0.	
2007	566.	0.	
2007	875.	0.	
2007	1071.	0.	
2007	925.	0.	
2007	800.	0.	
2007	732.	0.	
2007	38.	0.	
2007	0.	0.	
2008	0.	0.	
2008	0.	0.	
2008	0.	0.	
2008	78.	0.	
2008	353.	0.	
2008	752.	0.	
2008	886.	0.	
2008	800.	0.	
2008	812.	0.	
2008	701.	0.	
2008	0.	0.	
2008	0.	0.	
2009	0.	0.	
2009	0.	0.	
2009	0.	0.	
2009	0.	0.	
2009	639.	0.	
2009	937.	0.	
2009	857.	0.	
2009	775.	0.	
2009	700.	0.	
2009	440.	0.	
2009	0.	0.	
2009	0.	0.	
2010	0.	0.	
2010	0.	0.	
2010	0.	0.	
2010	0.	0.	
2010	267.	0.	
2010	775.	0.	
2010	900.	0.	
2010	850.	0.	
2010	750.	0.	
2010	547.	0.	
2010	0.	0.	
2010	0.	0.	
2011	0.	0.	
2011	0.	0.	
2011	0.	0.	
2011	0.	0.	
2011	226.	0.	
2011	700.	0.	
2011	900.	0.	
2011	850.	0.	
2011	738.	0.	
2011	783.	0.	
2011	0.	0.	
2011	0.	0.	
2012	0.	0.	
2012	0.	0.	
2012	0.	0.	
2012	400.	0.	
2012	533.	0.	
2012	1222.	0.	
2012	986.	0.	
2012	858.	0.	
2012	806.	0.	
2012	742.	0.	
2012	0.	0.	
2012	0.	0.	
2013	0.	0.	
2013	0.	0.	
2013	0.	0.	
2013	0.	0.	
2013	350.	0.	
2013	788.	0.	
2013	886.	0.	
2013	825.	0.	
2013	800.	0.	
