1908	900.	0.	
1908	30.	0.	
1908	18.	0.	
1909	17.	0.	
1909	17.	0.	
1909	20.	0.	
1909	67.	0.	
1909	2000.	0.	
1909	1940.	0.	
1909	2224.	0.	
1909	2277.	0.	
1909	1505.	0.	
1909	1269.	0.	
1909	72.	0.	
1909	18.	0.	
1910	17.	0.	
1910	17.	0.	
1910	20.	0.	
1910	67.	0.	
1910	2000.	0.	
1910	2140.	0.	
1910	2375.	0.	
1910	2091.	0.	
1910	1839.	0.	
1910	1269.	0.	
1910	30.	0.	
1910	31.	0.	
1911	17.	0.	
1911	17.	0.	
1911	20.	0.	
1911	47.	0.	
1911	2200.	0.	
1911	2140.	0.	
1911	2375.	0.	
1911	2091.	0.	
1911	1355.	0.	
1911	1067.	0.	
1911	63.	0.	
1911	18.	0.	
1912	17.	0.	
1912	17.	0.	
1912	20.	0.	
1912	67.	0.	
1912	2200.	0.	
1912	1940.	0.	
1912	2224.	0.	
1912	2277.	0.	
1912	1505.	0.	
1912	1067.	0.	
1912	63.	0.	
1912	0.	0.	
1913	17.	0.	
1913	17.	0.	
1913	20.	0.	
1913	47.	0.	
1913	2200.	0.	
1913	2140.	0.	
1913	2375.	0.	
1913	2091.	0.	
1913	1839.	0.	
1913	1269.	0.	
1913	72.	0.	
1913	18.	0.	
1914	17.	0.	
1914	3.	0.	
1914	20.	0.	
1914	47.	0.	
1914	2200.	0.	
1914	1940.	0.	
1914	2224.	0.	
1914	2277.	0.	
1914	1839.	0.	
1914	1269.	0.	
1914	72.	0.	
1914	18.	0.	
1915	31.	0.	
1915	17.	0.	
1915	20.	0.	
1915	67.	0.	
1915	1600.	0.	
1915	2140.	0.	
1915	2375.	0.	
1915	2000.	0.	
1915	1355.	0.	
1915	900.	0.	
1915	30.	0.	
1915	18.	0.	
1916	17.	0.	
1916	17.	0.	
1916	0.	0.	
1916	47.	0.	
1916	2000.	0.	
1916	1940.	0.	
1916	2224.	0.	
1916	2277.	0.	
1916	1505.	0.	
1916	1067.	0.	
1916	72.	0.	
1916	0.	0.	
1917	0.	0.	
1917	3.	0.	
1917	0.	0.	
1917	67.	0.	
1917	2000.	0.	
1917	1940.	0.	
1917	2224.	0.	
1917	2277.	0.	
1917	1505.	0.	
1917	1269.	0.	
1917	72.	0.	
1917	18.	0.	
1918	17.	0.	
1918	17.	0.	
1918	0.	0.	
1918	67.	0.	
1918	2200.	0.	
1918	1940.	0.	
1918	2375.	0.	
1918	2091.	0.	
1918	1505.	0.	
1918	1067.	0.	
1918	63.	0.	
1918	0.	0.	
1919	0.	0.	
1919	17.	0.	
1919	20.	0.	
1919	47.	0.	
1919	2200.	0.	
1919	2140.	0.	
1919	2375.	0.	
1919	2091.	0.	
1919	1839.	0.	
1919	1269.	0.	
1919	72.	0.	
1919	18.	0.	
1920	0.	0.	
1920	17.	0.	
1920	20.	0.	
1920	149.	0.	
1920	2200.	0.	
1920	1940.	0.	
1920	2224.	0.	
1920	2277.	0.	
1920	1839.	0.	
1920	1269.	0.	
1920	72.	0.	
1920	18.	0.	
1921	17.	0.	
1921	17.	0.	
1921	20.	0.	
1921	67.	0.	
1921	2000.	0.	
1921	1940.	0.	
1921	2224.	0.	
1921	2277.	0.	
1921	1505.	0.	
1921	1269.	0.	
1921	72.	0.	
1921	18.	0.	
1922	17.	0.	
1922	17.	0.	
1922	0.	0.	
1922	67.	0.	
1922	2200.	0.	
1922	2140.	0.	
1922	2375.	0.	
1922	2091.	0.	
1922	1839.	0.	
1922	1269.	0.	
1922	72.	0.	
1922	0.	0.	
1923	17.	0.	
1923	17.	0.	
1923	20.	0.	
1923	67.	0.	
1923	2200.	0.	
1923	1940.	0.	
1923	2224.	0.	
1923	2277.	0.	
1923	1505.	0.	
1923	1269.	0.	
1923	72.	0.	
1923	18.	0.	
1924	0.	0.	
1924	17.	0.	
1924	20.	0.	
1924	67.	0.	
1924	2000.	0.	
1924	1940.	0.	
1924	2375.	0.	
1924	2000.	0.	
1924	1839.	0.	
1924	1269.	0.	
1924	72.	0.	
1924	31.	0.	
1925	17.	0.	
1925	17.	0.	
1925	20.	0.	
1925	47.	0.	
1925	2000.	0.	
1925	2140.	0.	
1925	2375.	0.	
1925	2277.	0.	
1925	1505.	0.	
1925	1067.	0.	
1925	63.	0.	
1925	18.	0.	
1926	17.	0.	
1926	17.	0.	
1926	20.	0.	
1926	67.	0.	
1926	2000.	0.	
1926	2140.	0.	
1926	2375.	0.	
1926	2091.	0.	
1926	1839.	0.	
1926	1269.	0.	
1926	72.	0.	
1926	18.	0.	
1927	17.	0.	
1927	17.	0.	
1927	20.	0.	
1927	67.	0.	
1927	2200.	0.	
1927	1940.	0.	
1927	2375.	0.	
1927	2277.	0.	
1927	1505.	0.	
1927	1067.	0.	
1927	63.	0.	
1927	0.	0.	
1928	17.	0.	
1928	3.	0.	
1928	20.	0.	
1928	67.	0.	
1928	2200.	0.	
1928	2140.	0.	
1928	2375.	0.	
1928	2091.	0.	
1928	1839.	0.	
1928	1269.	0.	
1928	72.	0.	
1928	18.	0.	
1929	17.	0.	
1929	17.	0.	
1929	20.	0.	
1929	67.	0.	
1929	2200.	0.	
1929	1940.	0.	
1929	2375.	0.	
1929	2277.	0.	
1929	1505.	0.	
1929	1067.	0.	
1929	63.	0.	
1929	18.	0.	
1930	17.	0.	
1930	17.	0.	
1930	20.	0.	
1930	47.	0.	
1930	2000.	0.	
1930	2140.	0.	
1930	2375.	0.	
1930	2277.	0.	
1930	1839.	0.	
1930	1269.	0.	
1930	30.	0.	
1930	18.	0.	
1931	31.	0.	
1931	21.	0.	
1931	24.	0.	
1931	149.	0.	
1931	1600.	0.	
1931	2400.	0.	
1931	2575.	0.	
1931	2000.	0.	
1931	1355.	0.	
1931	1269.	0.	
1931	30.	0.	
1931	31.	0.	
1932	31.	0.	
1932	17.	0.	
1932	20.	0.	
1932	47.	0.	
1932	2200.	0.	
1932	1940.	0.	
1932	2224.	0.	
1932	2277.	0.	
1932	1839.	0.	
1932	1269.	0.	
1932	72.	0.	
1932	18.	0.	
1933	0.	0.	
1933	17.	0.	
1933	20.	0.	
1933	149.	0.	
1933	2000.	0.	
1933	1940.	0.	
1933	2375.	0.	
1933	2091.	0.	
1933	1839.	0.	
1933	900.	0.	
1933	30.	0.	
1933	31.	0.	
1934	31.	0.	
1934	21.	0.	
1934	24.	0.	
1934	67.	0.	
1934	2000.	0.	
1934	2400.	0.	
1934	2575.	85.	
1934	2000.	0.	
1934	1355.	0.	
1934	900.	0.	
1934	30.	0.	
1934	31.	0.	
1935	31.	0.	
1935	21.	0.	
1935	24.	0.	
1935	149.	0.	
1935	1600.	0.	
1935	1940.	0.	
1935	2375.	0.	
1935	2091.	0.	
1935	1839.	0.	
1935	1269.	0.	
1935	30.	0.	
1935	18.	0.	
1936	17.	0.	
1936	17.	0.	
1936	20.	0.	
1936	47.	0.	
1936	2200.	0.	
1936	2140.	0.	
1936	2375.	0.	
1936	2091.	0.	
1936	1839.	0.	
1936	1269.	0.	
1936	30.	0.	
1936	31.	0.	
1937	31.	0.	
1937	17.	0.	
1937	24.	0.	
1937	67.	0.	
1937	2200.	0.	
1937	2140.	0.	
1937	2375.	0.	
1937	2000.	0.	
1937	1839.	0.	
1937	1269.	0.	
1937	30.	0.	
1937	18.	0.	
1938	31.	0.	
1938	21.	0.	
1938	20.	0.	
1938	47.	0.	
1938	2200.	0.	
1938	1940.	0.	
1938	2224.	0.	
1938	2091.	0.	
1938	1505.	0.	
1938	1269.	0.	
1938	72.	0.	
1938	18.	0.	
1939	17.	0.	
1939	17.	0.	
1939	20.	0.	
1939	67.	0.	
1939	2200.	0.	
1939	2140.	0.	
1939	2575.	0.	
1939	2000.	0.	
1939	1839.	0.	
1939	900.	0.	
1939	30.	0.	
1939	31.	0.	
1940	31.	0.	
1940	21.	0.	
1940	24.	0.	
1940	67.	0.	
1940	2000.	0.	
1940	2400.	0.	
1940	2575.	0.	
1940	2000.	0.	
1940	1839.	0.	
1940	1269.	0.	
1940	30.	0.	
1940	31.	0.	
1941	31.	0.	
1941	21.	0.	
1941	24.	0.	
1941	149.	0.	
1941	2200.	0.	
1941	2140.	0.	
1941	2375.	0.	
1941	2091.	0.	
1941	1839.	0.	
1941	1067.	0.	
1941	72.	0.	
1941	18.	0.	
1942	17.	0.	
1942	17.	0.	
1942	24.	0.	
1942	47.	0.	
1942	2000.	0.	
1942	1940.	0.	
1942	2375.	0.	
1942	2091.	0.	
1942	1355.	0.	
1942	900.	0.	
1942	30.	0.	
1942	31.	0.	
1943	31.	0.	
1943	21.	0.	
1943	20.	0.	
1943	47.	0.	
1943	2000.	0.	
1943	2140.	0.	
1943	2375.	0.	
1943	2277.	0.	
1943	1839.	0.	
1943	900.	0.	
1943	72.	0.	
1943	31.	0.	
1944	17.	0.	
1944	17.	0.	
1944	24.	0.	
1944	149.	0.	
1944	2000.	0.	
1944	2140.	0.	
1944	2375.	0.	
1944	2091.	0.	
1944	1355.	0.	
1944	900.	0.	
1944	30.	0.	
1944	31.	0.	
1945	31.	0.	
1945	21.	0.	
1945	24.	0.	
1945	149.	0.	
1945	2000.	0.	
1945	2140.	0.	
1945	2224.	0.	
1945	2277.	0.	
1945	1839.	0.	
1945	1269.	0.	
1945	72.	0.	
1945	18.	0.	
1946	31.	0.	
1946	17.	0.	
1946	20.	0.	
1946	47.	0.	
1946	1600.	0.	
1946	2140.	0.	
1946	2375.	0.	
1946	2091.	0.	
1946	1355.	0.	
1946	1269.	0.	
1946	30.	0.	
1946	31.	0.	
1947	31.	0.	
1947	21.	0.	
1947	20.	0.	
1947	67.	0.	
1947	2200.	0.	
1947	1940.	0.	
1947	2224.	0.	
1947	2277.	0.	
1947	1505.	0.	
1947	1067.	0.	
1947	63.	0.	
1947	18.	0.	
1948	17.	0.	
1948	17.	0.	
1948	20.	0.	
1948	47.	0.	
1948	2200.	0.	
1948	2140.	0.	
1948	2375.	0.	
1948	2091.	0.	
1948	1355.	0.	
1948	1269.	0.	
1948	72.	0.	
1948	31.	0.	
1949	17.	0.	
1949	17.	0.	
1949	20.	0.	
1949	67.	0.	
1949	2000.	0.	
1949	2140.	0.	
1949	2224.	0.	
1949	2091.	0.	
1949	1839.	0.	
1949	1269.	0.	
1949	72.	0.	
1949	18.	0.	
1950	31.	0.	
1950	17.	0.	
1950	20.	0.	
1950	67.	0.	
1950	1094.	0.	
1950	2300.	0.	
1950	2246.	0.	
1950	1895.	0.	
1950	1355.	0.	
1950	900.	0.	
1950	72.	0.	
1950	18.	0.	
1951	17.	0.	
1951	17.	0.	
1951	20.	0.	
1951	67.	0.	
1951	1094.	0.	
1951	2096.	0.	
1951	2350.	0.	
1951	2091.	0.	
1951	1355.	0.	
1951	1269.	0.	
1951	72.	0.	
1951	31.	0.	
1952	17.	0.	
1952	21.	0.	
1952	24.	0.	
1952	47.	0.	
1952	2200.	0.	
1952	2760.	0.	
1952	2246.	0.	
1952	2277.	0.	
1952	1839.	0.	
1952	900.	0.	
1952	72.	0.	
1952	18.	0.	
1953	17.	0.	
1953	17.	0.	
1953	20.	0.	
1953	149.	0.	
1953	1374.	0.	
1953	2400.	0.	
1953	2550.	0.	
1953	2091.	0.	
1953	1355.	0.	
1953	900.	0.	
1953	72.	0.	
1953	31.	0.	
1954	31.	0.	
1954	21.	0.	
1954	24.	0.	
1954	149.	0.	
1954	2400.	0.	
1954	2240.	0.	
1954	2350.	0.	
1954	1895.	0.	
1954	1355.	0.	
1954	1269.	0.	
1954	0.	0.	
1954	0.	0.	
1955	0.	0.	
1955	0.	0.	
1955	0.	0.	
1955	0.	0.	
1955	1000.	0.	
1955	1740.	0.	
1955	2828.	0.	
1955	2828.	0.	
1955	2737.	327.	
1955	1327.	0.	
1955	0.	0.	
1955	0.	0.	
1956	0.	0.	
1956	0.	0.	
1956	0.	0.	
1956	0.	0.	
1956	3700.	435.	
1956	2580.	0.	
1956	2050.	0.	
1956	1845.	0.	
1956	900.	0.	
1956	0.	0.	
1956	30.	0.	
1956	31.	0.	
1957	31.	0.	
1957	21.	0.	
1957	24.	0.	
1957	67.	0.	
1957	1094.	0.	
1957	2020.	0.	
1957	2325.	0.	
1957	2277.	0.	
1957	1505.	0.	
1957	1269.	0.	
1957	0.	0.	
1957	0.	0.	
1958	0.	0.	
1958	0.	0.	
1958	0.	0.	
1958	0.	0.	
1958	2900.	0.	
1958	2480.	0.	
1958	2075.	0.	
1958	1800.	0.	
1958	900.	0.	
1958	0.	0.	
1958	0.	0.	
1958	0.	0.	
1959	0.	0.	
1959	0.	0.	
1959	0.	0.	
1959	666.	0.	
1959	1600.	0.	
1959	2480.	0.	
1959	2150.	0.	
1959	1667.	0.	
1959	668.	0.	
1959	0.	0.	
1959	0.	0.	
1959	0.	0.	
1960	0.	0.	
1960	0.	0.	
1960	0.	0.	
1960	0.	0.	
1960	1805.	0.	
1960	2100.	0.	
1960	2125.	0.	
1960	1533.	0.	
1960	1377.	0.	
1960	686.	0.	
1960	0.	0.	
1960	0.	0.	
1961	0.	0.	
1961	0.	0.	
1961	0.	0.	
1961	803.	0.	
1961	1900.	0.	
1961	2700.	0.	
1961	2450.	0.	
1961	2033.	0.	
1961	700.	0.	
1961	0.	0.	
1961	0.	0.	
1961	0.	0.	
1962	0.	0.	
1962	0.	0.	
1962	0.	0.	
1962	436.	0.	
1962	3600.	335.	
1962	2540.	0.	
1962	2761.	0.	
1962	2465.	0.	
1962	1745.	0.	
1962	863.	0.	
1962	0.	0.	
1962	0.	0.	
1963	0.	0.	
1963	0.	0.	
1963	0.	0.	
1963	439.	0.	
1963	6300.	3035.	
1963	2620.	0.	
1963	2900.	0.	
1963	2021.	0.	
1963	1413.	0.	
1963	427.	0.	
1963	0.	0.	
1963	0.	0.	
1964	0.	0.	
1964	0.	0.	
1964	0.	0.	
1964	42.	0.	
1964	2900.	0.	
1964	1700.	0.	
1964	2124.	0.	
1964	2128.	0.	
1964	1868.	0.	
1964	16.	0.	
1964	0.	0.	
1964	0.	0.	
1965	0.	0.	
1965	0.	0.	
1965	0.	0.	
1965	202.	0.	
1965	671.	0.	
1965	1560.	0.	
1965	2065.	0.	
1965	2065.	0.	
1965	1876.	0.	
1965	698.	0.	
1965	0.	0.	
1965	0.	0.	
1966	0.	0.	
1966	0.	0.	
1966	0.	0.	
1966	339.	0.	
1966	2600.	0.	
1966	1860.	0.	
1966	2250.	0.	
1966	1826.	0.	
1966	1400.	0.	
1966	323.	0.	
1966	0.	0.	
1966	0.	0.	
1967	0.	0.	
1967	0.	0.	
1967	0.	0.	
1967	83.	0.	
1967	1300.	0.	
1967	1700.	0.	
1967	4050.	785.	
1967	2267.	0.	
1967	1839.	0.	
1967	1849.	0.	
1967	0.	0.	
1967	0.	0.	
1968	0.	0.	
1968	0.	0.	
1968	0.	0.	
1968	0.	0.	
1968	1700.	0.	
1968	2620.	0.	
1968	1968.	0.	
1968	1749.	0.	
1968	1607.	0.	
1968	1648.	22.	
1968	0.	0.	
1968	0.	0.	
1969	0.	0.	
1969	0.	0.	
1969	0.	0.	
1969	0.	0.	
1969	6900.	3635.	
1969	1551.	0.	
1969	2400.	0.	
1969	2500.	0.	
1969	1100.	0.	
1969	0.	0.	
1969	72.	0.	
1969	18.	0.	
1970	17.	0.	
1970	17.	0.	
1970	20.	0.	
1970	67.	0.	
1970	4800.	1535.	
1970	2420.	0.	
1970	2650.	0.	
1970	2091.	0.	
1970	1505.	0.	
1970	1067.	0.	
1970	63.	0.	
1970	0.	0.	
1971	0.	0.	
1971	3.	0.	
1971	0.	0.	
1971	47.	0.	
1971	1094.	0.	
1971	2800.	0.	
1971	2450.	0.	
1971	2091.	0.	
1971	1839.	0.	
1971	1269.	0.	
1971	63.	0.	
1971	0.	0.	
1972	0.	0.	
1972	3.	0.	
1972	0.	0.	
1972	67.	0.	
1972	3400.	135.	
1972	2260.	0.	
1972	2675.	0.	
1972	1933.	0.	
1972	1839.	0.	
1972	1067.	0.	
1972	63.	0.	
1972	0.	0.	
1973	0.	0.	
1973	3.	0.	
1973	0.	0.	
1973	149.	0.	
1973	1100.	0.	
1973	2096.	0.	
1973	2224.	0.	
1973	2091.	0.	
1973	1839.	0.	
1973	1269.	0.	
1973	63.	0.	
1973	0.	0.	
1974	0.	0.	
1974	3.	0.	
1974	0.	0.	
1974	67.	0.	
1974	4500.	1235.	
1974	2320.	0.	
1974	2246.	0.	
1974	2091.	0.	
1974	1355.	0.	
1974	1269.	0.	
1974	0.	0.	
1974	0.	0.	
1975	0.	0.	
1975	0.	0.	
1975	0.	0.	
1975	0.	0.	
1975	952.	0.	
1975	2380.	0.	
1975	2675.	0.	
1975	2533.	0.	
1975	3600.	1190.	
1975	1111.	0.	
1975	0.	0.	
1975	0.	0.	
1976	0.	0.	
1976	0.	0.	
1976	0.	0.	
1976	0.	0.	
1976	1745.	0.	
1976	2380.	0.	
1976	3600.	335.	
1976	2460.	0.	
1976	3700.	1290.	
1976	2380.	0.	
1976	0.	0.	
1976	0.	0.	
1977	0.	0.	
1977	0.	0.	
1977	0.	0.	
1977	0.	0.	
1977	2460.	0.	
1977	3000.	0.	
1977	2261.	0.	
1977	2467.	350.	
1977	3900.	1490.	
1977	1230.	0.	
1977	0.	0.	
1977	0.	0.	
1978	0.	0.	
1978	0.	0.	
1978	0.	0.	
1978	0.	0.	
1978	1000.	0.	
1978	2800.	0.	
1978	2425.	0.	
1978	2200.	0.	
1978	1300.	0.	
1978	1230.	0.	
1978	0.	0.	
1978	0.	0.	
1979	0.	0.	
1979	0.	0.	
1979	0.	0.	
1979	0.	0.	
1979	952.	0.	
1979	2380.	0.	
1979	2675.	0.	
1979	2460.	0.	
1979	2380.	0.	
1979	1626.	0.	
1979	0.	0.	
1979	0.	0.	
1980	0.	0.	
1980	0.	0.	
1980	0.	0.	
1980	0.	0.	
1980	1349.	0.	
1980	2680.	0.	
1980	4250.	985.	
1980	2767.	0.	
1980	1300.	0.	
1980	1230.	0.	
1980	0.	0.	
1980	0.	0.	
1981	0.	0.	
1981	0.	0.	
1981	0.	0.	
1981	0.	0.	
1981	1269.	0.	
1981	2380.	0.	
1981	3700.	435.	
1981	4133.	1643.	
1981	2900.	490.	
1981	0.	0.	
1981	0.	0.	
1981	0.	0.	
1982	0.	0.	
1982	0.	0.	
1982	0.	0.	
1982	0.	0.	
1982	1269.	0.	
1982	2380.	0.	
1982	2460.	0.	
1982	2867.	0.	
1982	4100.	940.	
1982	0.	0.	
1982	0.	0.	
1982	0.	0.	
1983	0.	0.	
1983	0.	0.	
1983	0.	0.	
1983	0.	0.	
1983	0.	0.	
1983	2380.	0.	
1983	2460.	0.	
1983	2500.	0.	
1983	4500.	2090.	
1983	2460.	0.	
1983	0.	0.	
1983	0.	0.	
1984	0.	0.	
1984	0.	0.	
1984	0.	0.	
1984	0.	0.	
1984	2400.	0.	
1984	2380.	0.	
1984	2460.	0.	
1984	2460.	0.	
1984	1300.	0.	
1984	1230.	0.	
1984	0.	0.	
1984	0.	0.	
1985	0.	0.	
1985	0.	0.	
1985	0.	0.	
1985	0.	0.	
1985	1745.	0.	
1985	2837.	0.	
1985	3450.	185.	
1985	1733.	0.	
1985	911.	0.	
1985	891.	0.	
1985	0.	0.	
1985	0.	0.	
1986	0.	0.	
1986	0.	0.	
1986	0.	0.	
1986	0.	0.	
1986	1800.	0.	
1986	2580.	0.	
1986	2189.	0.	
1986	2189.	0.	
1986	1842.	0.	
1986	1003.	0.	
1986	0.	0.	
1986	0.	0.	
1987	0.	0.	
1987	0.	0.	
1987	0.	0.	
1987	0.	0.	
1987	2600.	0.	
1987	2889.	0.	
1987	2300.	0.	
1987	2367.	0.	
1987	2900.	490.	
1987	922.	0.	
1987	0.	0.	
1987	0.	0.	
1988	0.	0.	
1988	0.	0.	
1988	0.	0.	
1988	0.	0.	
1988	2230.	0.	
1988	2830.	0.	
1988	2650.	0.	
1988	2800.	310.	
1988	3000.	590.	
1988	1055.	0.	
1988	0.	0.	
1988	0.	0.	
1989	0.	0.	
1989	0.	0.	
1989	0.	0.	
1989	208.	0.	
1989	2605.	0.	
1989	2904.	0.	
1989	2775.	0.	
1989	2412.	0.	
1989	2001.	0.	
1989	1660.	0.	
1989	0.	0.	
1989	0.	0.	
1990	0.	0.	
1990	0.	0.	
1990	0.	0.	
1990	0.	0.	
1990	2345.	0.	
1990	2672.	0.	
1990	3700.	435.	
1990	2800.	310.	
1990	4900.	3095.	
1990	1253.	0.	
1990	0.	0.	
1990	0.	0.	
1991	0.	0.	
1991	0.	0.	
1991	0.	0.	
1991	0.	0.	
1991	2400.	0.	
1991	2936.	0.	
1991	2275.	0.	
1991	1792.	0.	
1991	1898.	0.	
1991	1102.	0.	
1991	315.	0.	
1991	0.	0.	
1992	0.	0.	
1992	0.	0.	
1992	0.	0.	
1992	0.	0.	
1992	4600.	1335.	
1992	2674.	0.	
1992	2714.	0.	
1992	2322.	0.	
1992	1948.	0.	
1992	1549.	0.	
1992	0.	0.	
1992	0.	0.	
1993	0.	0.	
1993	0.	0.	
1993	0.	0.	
1993	0.	0.	
1993	900.	0.	
1993	2200.	0.	
1993	1995.	0.	
1993	2475.	0.	
1993	2643.	0.	
1993	771.	0.	
1993	295.	0.	
1993	0.	0.	
1994	0.	0.	
1994	0.	0.	
1994	0.	0.	
1994	36.	0.	
1994	2300.	0.	
1994	2620.	0.	
1994	2247.	0.	
1994	2269.	0.	
1994	2155.	0.	
1994	2076.	0.	
1994	918.	0.	
1994	0.	0.	
1995	0.	0.	
1995	0.	0.	
1995	0.	0.	
1995	0.	0.	
1995	178.	0.	
1995	960.	0.	
1995	2054.	0.	
1995	1512.	0.	
1995	600.	0.	
1995	551.	0.	
1995	0.	0.	
1995	0.	0.	
1996	0.	0.	
1996	0.	0.	
1996	0.	0.	
1996	0.	0.	
1996	2800.	0.	
1996	2303.	0.	
1996	2149.	0.	
1996	2720.	230.	
1996	2293.	0.	
1996	2179.	0.	
1996	202.	0.	
1996	0.	0.	
1997	0.	0.	
1997	0.	0.	
1997	0.	0.	
1997	0.	0.	
1997	2300.	0.	
1997	2821.	0.	
1997	2550.	0.	
1997	2758.	0.	
1997	2200.	0.	
1997	360.	0.	
1997	58.	0.	
1997	0.	0.	
1998	0.	0.	
1998	0.	0.	
1998	0.	0.	
1998	85.	0.	
1998	1555.	0.	
1998	2862.	0.	
1998	2832.	0.	
1998	2647.	0.	
1998	2612.	202.	
1998	2631.	141.	
1998	456.	0.	
1998	61.	0.	
1999	61.	0.	
1999	56.	0.	
1999	61.	0.	
1999	60.	0.	
1999	1442.	0.	
1999	2696.	0.	
1999	3300.	35.	
1999	2290.	0.	
1999	2725.	0.	
1999	2555.	65.	
1999	327.	0.	
1999	338.	0.	
2000	338.	0.	
2000	316.	0.	
2000	338.	0.	
2000	327.	0.	
2000	2222.	0.	
2000	3160.	0.	
2000	2868.	0.	
2000	2468.	0.	
2000	2098.	0.	
2000	1921.	0.	
2000	0.	0.	
2000	0.	0.	
2001	0.	0.	
2001	0.	0.	
2001	0.	0.	
2001	0.	0.	
2001	2500.	0.	
2001	2520.	0.	
2001	4050.	785.	
2001	1400.	0.	
2001	500.	0.	
2001	0.	0.	
2001	72.	0.	
2001	18.	0.	
2002	17.	0.	
2002	21.	0.	
2002	24.	0.	
2002	67.	0.	
2002	1374.	0.	
2002	2980.	570.	
2002	3825.	2657.	
2002	2300.	0.	
2002	1355.	224.	
2002	900.	0.	
2002	298.	0.	
2002	307.	0.	
2003	307.	0.	
2003	278.	0.	
2003	307.	0.	
2003	298.	0.	
2003	1997.	0.	
2003	2410.	0.	
2003	2900.	0.	
2003	2490.	0.	
2003	2367.	0.	
2003	2490.	1065.	
2003	0.	0.	
2003	0.	0.	
2004	0.	0.	
2004	0.	0.	
2004	0.	0.	
2004	0.	0.	
2004	1900.	0.	
2004	2360.	0.	
2004	2584.	0.	
2004	2318.	0.	
2004	2005.	0.	
2004	1315.	0.	
2004	22.	0.	
2004	31.	0.	
2005	0.	0.	
2005	0.	0.	
2005	0.	0.	
2005	0.	0.	
2005	1615.	0.	
2005	2869.	0.	
2005	2675.	0.	
2005	2626.	0.	
2005	1737.	0.	
2005	1058.	0.	
2005	0.	0.	
2005	0.	0.	
2006	0.	0.	
2006	0.	0.	
2006	0.	0.	
2006	0.	0.	
2006	6500.	3235.	
2006	2880.	0.	
2006	2315.	0.	
2006	2641.	151.	
2006	2223.	0.	
2006	967.	0.	
2006	0.	0.	
2006	0.	0.	
2007	0.	0.	
2007	0.	0.	
2007	0.	0.	
2007	0.	0.	
2007	3800.	535.	
2007	2980.	0.	
2007	3300.	35.	
2007	2300.	0.	
2007	1617.	0.	
2007	1186.	0.	
2007	0.	0.	
2007	0.	0.	
2008	0.	0.	
2008	0.	0.	
2008	0.	0.	
2008	0.	0.	
2008	942.	0.	
2008	2676.	0.	
2008	2450.	0.	
2008	2825.	0.	
2008	1447.	0.	
2008	1192.	0.	
2008	298.	0.	
2008	0.	0.	
2009	0.	0.	
2009	0.	0.	
2009	0.	0.	
2009	0.	0.	
2009	1900.	0.	
2009	2477.	0.	
2009	2544.	0.	
2009	2486.	0.	
2009	2344.	0.	
2009	1954.	0.	
2009	0.	0.	
2009	0.	0.	
2010	0.	0.	
2010	0.	0.	
2010	0.	0.	
2010	0.	0.	
2010	600.	0.	
2010	2460.	0.	
2010	2600.	0.	
2010	2774.	0.	
2010	2547.	137.	
2010	1971.	0.	
2010	0.	0.	
2010	0.	0.	
2011	0.	0.	
2011	0.	0.	
2011	0.	0.	
2011	0.	0.	
2011	300.	0.	
2011	2020.	0.	
2011	2650.	0.	
2011	1933.	0.	
2011	1073.	0.	
2011	488.	0.	
2011	0.	0.	
2011	0.	0.	
2012	0.	0.	
2012	0.	0.	
2012	0.	0.	
2012	572.	0.	
2012	3600.	335.	
2012	2860.	0.	
2012	2550.	60.	
2012	1833.	0.	
2012	1021.	0.	
2012	877.	0.	
2012	0.	0.	
2012	0.	0.	
2013	0.	0.	
2013	0.	0.	
2013	0.	0.	
2013	0.	0.	
2013	1200.	0.	
2013	2560.	0.	
2013	2500.	10.	
2013	1984.	0.	
2013	1297.	0.	
