1.000000000000000000e+00 1.000000000000000000e+00 1.000000000000000000e+00 1.000000000000000000e+00 1.000000000000000000e+00 0.000000000000000000e+00 0.000000000000000000e+00 9.942257716106095433e-01 1.064787062137129592e+00 1.003832261768253353e+00 5.382415736511629856e-01 9.573636953442621333e-02 -2.177331333027471838e-01 0.000000000000000000e+00
1.000000000000000000e+00 1.000000000000000000e+00 1.000000000000000000e+00 1.000000000000000000e+00 1.000000000000000000e+00 0.000000000000000000e+00 0.000000000000000000e+00 9.981143547984064890e-01 1.078176509244859860e+00 1.008093605417307081e+00 5.888163603164440207e-01 9.463216803563034851e-02 -2.222652990058326394e-01 0.000000000000000000e+00
1.000000000000000000e+00 1.000000000000000000e+00 1.000000000000000000e+00 1.000000000000000000e+00 1.000000000000000000e+00 0.000000000000000000e+00 0.000000000000000000e+00 1.020162294309814088e+00 1.075936378372305713e+00 1.027166933498166124e+00 7.280608620325863534e-01 6.470090921505500248e-02 -1.909741202876773514e-01 0.000000000000000000e+00
1.000000000000000000e+00 1.000000000000000000e+00 1.000000000000000000e+00 1.000000000000000000e+00 1.000000000000000000e+00 0.000000000000000000e+00 0.000000000000000000e+00 9.900197601497985334e-01 9.800357032162378967e-01 1.000462825862748595e+00 8.285936095734323104e-01 -4.094056870927065273e-02 -4.703601931498291311e-02 0.000000000000000000e+00
1.000000000000000000e+00 1.000000000000000000e+00 1.000000000000000000e+00 1.000000000000000000e+00 1.000000000000000000e+00 0.000000000000000000e+00 0.000000000000000000e+00 1.000872666258092458e+00 1.067884950290774126e+00 1.010147602580534709e+00 7.606769605980683302e-01 4.214205268922921466e-02 -1.719429690632517382e-01 0.000000000000000000e+00
1.000000000000000000e+00 1.000000000000000000e+00 1.000000000000000000e+00 1.000000000000000000e+00 1.000000000000000000e+00 0.000000000000000000e+00 0.000000000000000000e+00 1.000162702296019557e+00 1.031508686442627720e+00 1.010722897773919327e+00 5.815049622676925489e-01 3.281963436961476965e-02 -2.003522574825341573e-01 0.000000000000000000e+00
1.000000000000000000e+00 1.000000000000000000e+00 1.000000000000000000e+00 1.000000000000000000e+00 1.000000000000000000e+00 0.000000000000000000e+00 0.000000000000000000e+00 9.785380363321461994e-01 9.201276243998922633e-01 9.879124254932214466e-01 8.534354710225078300e-01 -3.617435865027063269e-02 -6.026593724704176758e-02 0.000000000000000000e+00
1.000000000000000000e+00 1.000000000000000000e+00 1.000000000000000000e+00 1.000000000000000000e+00 1.000000000000000000e+00 0.000000000000000000e+00 0.000000000000000000e+00 9.931150504643053711e-01 9.397103249193065055e-01 9.991067253825637318e-01 9.242895368309427262e-01 -2.556690939596095724e-02 -4.205590330037911606e-02 0.000000000000000000e+00
1.000000000000000000e+00 1.000000000000000000e+00 1.000000000000000000e+00 1.000000000000000000e+00 1.000000000000000000e+00 0.000000000000000000e+00 0.000000000000000000e+00 9.864406265769281035e-01 9.747707538336756183e-01 9.972915583129395856e-01 7.535495666539122617e-01 1.992234772005940791e-03 -1.346868849520137523e-01 0.000000000000000000e+00
1.000000000000000000e+00 1.000000000000000000e+00 1.000000000000000000e+00 1.000000000000000000e+00 1.000000000000000000e+00 0.000000000000000000e+00 0.000000000000000000e+00 9.944358556575161323e-01 1.077786223503065077e+00 1.004582392876248953e+00 7.302631456921230280e-01 9.916180498011728517e-02 -2.050839678950596157e-01 0.000000000000000000e+00
1.000000000000000000e+00 1.000000000000000000e+00 1.000000000000000000e+00 1.000000000000000000e+00 1.000000000000000000e+00 0.000000000000000000e+00 0.000000000000000000e+00 1.012839619105780464e+00 1.066888958544350174e+00 1.021810287409709250e+00 5.650964446093039717e-01 5.927116683815669695e-02 -1.955886600029115852e-01 0.000000000000000000e+00
1.000000000000000000e+00 1.000000000000000000e+00 1.000000000000000000e+00 1.000000000000000000e+00 1.000000000000000000e+00 0.000000000000000000e+00 0.000000000000000000e+00 9.978375219411103059e-01 1.061192288795276273e+00 1.002654130439127655e+00 1.054329619851939182e+00 -8.072836721673137816e-05 -8.156072448562978749e-03 0.000000000000000000e+00
1.000000000000000000e+00 1.000000000000000000e+00 1.000000000000000000e+00 1.000000000000000000e+00 1.000000000000000000e+00 0.000000000000000000e+00 0.000000000000000000e+00 1.003885153305860367e+00 1.001989991742922692e+00 1.013863646159866905e+00 8.589561046487282914e-01 -4.153109641979524369e-02 -3.055920590428107264e-02 0.000000000000000000e+00
1.000000000000000000e+00 1.000000000000000000e+00 1.000000000000000000e+00 1.000000000000000000e+00 1.000000000000000000e+00 0.000000000000000000e+00 0.000000000000000000e+00 9.845743911414657212e-01 9.749410811459646720e-01 9.947918664367026986e-01 9.650155670446265432e-01 -3.567531075981056343e-02 -2.178953505962644144e-02 0.000000000000000000e+00
1.000000000000000000e+00 1.000000000000000000e+00 1.000000000000000000e+00 1.000000000000000000e+00 1.000000000000000000e+00 0.000000000000000000e+00 0.000000000000000000e+00 9.852252358731573567e-01 1.035521667458596973e+00 9.970650598801823472e-01 7.321145068071496231e-01 2.296133000631717103e-02 -1.593231346082538691e-01 0.000000000000000000e+00
1.000000000000000000e+00 1.000000000000000000e+00 1.000000000000000000e+00 1.000000000000000000e+00 1.000000000000000000e+00 0.000000000000000000e+00 0.000000000000000000e+00 9.651738429342602288e-01 8.713653674040242603e-01 9.773499122775145542e-01 9.142271247365550968e-01 -4.058548471970946370e-02 -2.087675000701882944e-02 0.000000000000000000e+00
1.000000000000000000e+00 1.000000000000000000e+00 1.000000000000000000e+00 1.000000000000000000e+00 1.000000000000000000e+00 0.000000000000000000e+00 0.000000000000000000e+00 9.787935271471623899e-01 9.975566735214304037e-01 9.883561436253688326e-01 9.623897725007276582e-01 -2.551463752511917704e-03 -6.636672649160058057e-02 0.000000000000000000e+00
1.000000000000000000e+00 1.000000000000000000e+00 1.000000000000000000e+00 1.000000000000000000e+00 1.000000000000000000e+00 0.000000000000000000e+00 0.000000000000000000e+00 9.835228121518226896e-01 9.618199051658287146e-01 9.924097593350512669e-01 9.130311618804390905e-01 -2.672845378278099204e-02 -4.215420875512232435e-02 0.000000000000000000e+00
1.000000000000000000e+00 1.000000000000000000e+00 1.000000000000000000e+00 1.000000000000000000e+00 1.000000000000000000e+00 0.000000000000000000e+00 0.000000000000000000e+00 9.850251026642066199e-01 9.638435635324595907e-01 9.961467169472849603e-01 6.282325122247143234e-01 9.314354284460590883e-03 -1.721372472212818194e-01 0.000000000000000000e+00
1.000000000000000000e+00 1.000000000000000000e+00 1.000000000000000000e+00 1.000000000000000000e+00 1.000000000000000000e+00 0.000000000000000000e+00 0.000000000000000000e+00 9.869077938557345719e-01 1.061095491766951504e+00 9.980430055758303665e-01 6.663565064463455867e-01 9.451930794926000079e-02 -2.243882428776947102e-01 0.000000000000000000e+00
1.000000000000000000e+00 1.000000000000000000e+00 1.000000000000000000e+00 1.000000000000000000e+00 1.000000000000000000e+00 0.000000000000000000e+00 0.000000000000000000e+00 9.941622777848820869e-01 1.062631202715319523e+00 1.001757218655074499e+00 9.889607154927126942e-01 -1.200666321839116701e-02 -5.421838724169014689e-03 0.000000000000000000e+00
1.000000000000000000e+00 1.000000000000000000e+00 1.000000000000000000e+00 1.000000000000000000e+00 1.000000000000000000e+00 0.000000000000000000e+00 0.000000000000000000e+00 1.008001706466292946e+00 1.092666359468302373e+00 1.016691183607933313e+00 6.564570738874412337e-01 9.950467589332501195e-02 -2.261732613484253585e-01 0.000000000000000000e+00
1.000000000000000000e+00 1.000000000000000000e+00 1.000000000000000000e+00 1.000000000000000000e+00 1.000000000000000000e+00 0.000000000000000000e+00 0.000000000000000000e+00 9.808787823878869494e-01 9.710376556772928325e-01 9.918724858184247983e-01 7.100898228163069481e-01 8.232387152897979732e-03 -1.427572038872124693e-01 0.000000000000000000e+00
1.000000000000000000e+00 1.000000000000000000e+00 1.000000000000000000e+00 1.000000000000000000e+00 1.000000000000000000e+00 0.000000000000000000e+00 0.000000000000000000e+00 9.914492445101295015e-01 9.890690650424579511e-01 9.997678173251790534e-01 9.113846745284147621e-01 -2.873027618189150090e-02 -2.694241377331252352e-02 0.000000000000000000e+00
1.000000000000000000e+00 1.000000000000000000e+00 1.000000000000000000e+00 1.000000000000000000e+00 1.000000000000000000e+00 0.000000000000000000e+00 0.000000000000000000e+00 9.865758358749301404e-01 9.894296817364325314e-01 9.949855852085706109e-01 9.838785316218568999e-01 -4.109999118176987931e-02 -2.158514185975168864e-02 0.000000000000000000e+00
1.000000000000000000e+00 1.000000000000000000e+00 1.000000000000000000e+00 1.000000000000000000e+00 1.000000000000000000e+00 0.000000000000000000e+00 0.000000000000000000e+00 9.911396895871502633e-01 9.884998671915787849e-01 9.987904527616398020e-01 8.954724744284212612e-01 -2.351555687231465797e-02 -5.968087881188766097e-02 0.000000000000000000e+00
1.000000000000000000e+00 1.000000000000000000e+00 1.000000000000000000e+00 1.000000000000000000e+00 1.000000000000000000e+00 0.000000000000000000e+00 0.000000000000000000e+00 9.904334360515140157e-01 1.040934083996104542e+00 9.997620244429725744e-01 6.504536347965921284e-01 8.456187500632750265e-02 -2.119736108952077758e-01 0.000000000000000000e+00
1.000000000000000000e+00 1.000000000000000000e+00 1.000000000000000000e+00 1.000000000000000000e+00 1.000000000000000000e+00 0.000000000000000000e+00 0.000000000000000000e+00 1.000190581083006292e+00 1.040370515370990789e+00 1.008955300670732802e+00 7.689519529076449533e-01 5.307694491114345325e-02 -1.731690092140871218e-01 0.000000000000000000e+00
1.000000000000000000e+00 1.000000000000000000e+00 1.000000000000000000e+00 1.000000000000000000e+00 1.000000000000000000e+00 0.000000000000000000e+00 0.000000000000000000e+00 9.824444080642096289e-01 9.403855969861977249e-01 9.912990723620301869e-01 9.047373546733159522e-01 -5.269877192391803078e-03 -9.421720053640791903e-02 0.000000000000000000e+00
1.000000000000000000e+00 1.000000000000000000e+00 1.000000000000000000e+00 1.000000000000000000e+00 1.000000000000000000e+00 0.000000000000000000e+00 0.000000000000000000e+00 9.889796541068263114e-01 9.593754459852674721e-01 9.991017519019180781e-01 7.951088710068198173e-01 -1.391933514862253585e-02 -1.201848783311311175e-01 0.000000000000000000e+00
1.000000000000000000e+00 1.000000000000000000e+00 1.000000000000000000e+00 1.000000000000000000e+00 1.000000000000000000e+00 0.000000000000000000e+00 0.000000000000000000e+00 9.802968938715224123e-01 8.474568541566135371e-01 9.908101530909285692e-01 9.338286674500581031e-01 -6.639056448062674587e-02 6.521022214172500497e-03 0.000000000000000000e+00
1.000000000000000000e+00 1.000000000000000000e+00 1.000000000000000000e+00 1.000000000000000000e+00 1.000000000000000000e+00 0.000000000000000000e+00 0.000000000000000000e+00 9.970371169681225831e-01 1.038781633918785197e+00 1.005435866233372222e+00 9.208383555124797226e-01 2.499106349026281038e-02 -1.383996772814058973e-01 0.000000000000000000e+00
1.000000000000000000e+00 1.000000000000000000e+00 1.000000000000000000e+00 1.000000000000000000e+00 1.000000000000000000e+00 0.000000000000000000e+00 0.000000000000000000e+00 9.808287010185811061e-01 1.006755263953741375e+00 9.918143195712799676e-01 7.513364051170637881e-01 6.735758425603999289e-02 -1.958101236729629657e-01 0.000000000000000000e+00
1.000000000000000000e+00 1.000000000000000000e+00 1.000000000000000000e+00 1.000000000000000000e+00 1.000000000000000000e+00 0.000000000000000000e+00 0.000000000000000000e+00 9.910681253133968305e-01 1.097718728247027320e+00 1.003484004196926405e+00 5.550831366038351256e-01 1.539437685342918138e-01 -2.445895085460880747e-01 0.000000000000000000e+00
1.000000000000000000e+00 1.000000000000000000e+00 1.000000000000000000e+00 1.000000000000000000e+00 1.000000000000000000e+00 0.000000000000000000e+00 0.000000000000000000e+00 1.008399600553882891e+00 1.014041582723909096e+00 1.016309107287033831e+00 6.639935468034956489e-01 8.818004379796140491e-02 -2.130035728088955360e-01 0.000000000000000000e+00
1.000000000000000000e+00 1.000000000000000000e+00 1.000000000000000000e+00 1.000000000000000000e+00 1.000000000000000000e+00 0.000000000000000000e+00 0.000000000000000000e+00 1.009426323603685560e+00 1.017435496070104417e+00 1.012000363612454157e+00 1.033633751139385826e+00 -1.283841893046633320e-02 -2.014824721893704318e-02 0.000000000000000000e+00
1.000000000000000000e+00 1.000000000000000000e+00 1.000000000000000000e+00 1.000000000000000000e+00 1.000000000000000000e+00 0.000000000000000000e+00 0.000000000000000000e+00 1.007465170020415579e+00 1.052702069838246990e+00 1.010052403538769017e+00 1.029896463490906466e+00 5.483941934674940732e-03 -2.340080387698595388e-02 0.000000000000000000e+00
1.000000000000000000e+00 1.000000000000000000e+00 1.000000000000000000e+00 1.000000000000000000e+00 1.000000000000000000e+00 0.000000000000000000e+00 0.000000000000000000e+00 1.015584394399294377e+00 1.000376922883079889e+00 1.022301374128277818e+00 7.664831739516609899e-01 3.188832795749363402e-02 -1.640515882644472123e-01 0.000000000000000000e+00
1.000000000000000000e+00 1.000000000000000000e+00 1.000000000000000000e+00 1.000000000000000000e+00 1.000000000000000000e+00 0.000000000000000000e+00 0.000000000000000000e+00 9.917970663781839891e-01 9.332946003129806156e-01 1.001201851208120441e+00 7.913033217044143086e-01 -3.706357394640436009e-02 -6.719524785969011038e-02 0.000000000000000000e+00
1.000000000000000000e+00 1.000000000000000000e+00 1.000000000000000000e+00 1.000000000000000000e+00 1.000000000000000000e+00 0.000000000000000000e+00 0.000000000000000000e+00 9.870297877630458405e-01 9.626664670852224104e-01 9.946855939500303112e-01 8.346276391099992642e-01 -2.570909837426338385e-02 -5.591709574850967090e-02 0.000000000000000000e+00
1.000000000000000000e+00 1.000000000000000000e+00 1.000000000000000000e+00 1.000000000000000000e+00 1.000000000000000000e+00 0.000000000000000000e+00 0.000000000000000000e+00 9.948271796876387851e-01 1.052797290464490221e+00 1.005950963954375110e+00 6.394221649478144531e-01 5.232039584856407188e-02 -2.063505043448057297e-01 0.000000000000000000e+00
1.000000000000000000e+00 1.000000000000000000e+00 1.000000000000000000e+00 1.000000000000000000e+00 1.000000000000000000e+00 0.000000000000000000e+00 0.000000000000000000e+00 1.008637516627657549e+00 1.079077461801245974e+00 1.017238333805122963e+00 7.274451480651339397e-01 4.451032198651128091e-02 -1.779676587272582267e-01 0.000000000000000000e+00
1.000000000000000000e+00 1.000000000000000000e+00 1.000000000000000000e+00 1.000000000000000000e+00 1.000000000000000000e+00 0.000000000000000000e+00 0.000000000000000000e+00 9.849636892058083459e-01 9.747122964035144221e-01 9.975720039258491045e-01 8.889524525210075190e-01 -5.497581919500604819e-02 -2.148297815761102125e-02 0.000000000000000000e+00
1.000000000000000000e+00 1.000000000000000000e+00 1.000000000000000000e+00 1.000000000000000000e+00 1.000000000000000000e+00 0.000000000000000000e+00 0.000000000000000000e+00 9.997194016107434633e-01 1.053431587049385998e+00 1.007239700155409645e+00 9.833055878442508169e-01 -2.230577680027834298e-02 -4.706244092818756553e-02 0.000000000000000000e+00
1.000000000000000000e+00 1.000000000000000000e+00 1.000000000000000000e+00 1.000000000000000000e+00 1.000000000000000000e+00 0.000000000000000000e+00 0.000000000000000000e+00 9.931023904699380900e-01 1.026097647877797892e+00 1.004259585296469082e+00 5.310663897387599697e-01 4.624951213827033225e-02 -2.103277539885396452e-01 0.000000000000000000e+00
1.000000000000000000e+00 1.000000000000000000e+00 1.000000000000000000e+00 1.000000000000000000e+00 1.000000000000000000e+00 0.000000000000000000e+00 0.000000000000000000e+00 9.665807610726185883e-01 8.043545066667092680e-01 9.760590891469046460e-01 9.520950671095319562e-01 -6.397548422142229629e-02 3.300700251559984810e-02 0.000000000000000000e+00
1.000000000000000000e+00 1.000000000000000000e+00 1.000000000000000000e+00 1.000000000000000000e+00 1.000000000000000000e+00 0.000000000000000000e+00 0.000000000000000000e+00 9.971832192793140814e-01 1.017373858377567331e+00 1.001967304418592386e+00 1.016592244469112227e+00 -1.972894368437461132e-02 -2.496284565661954780e-02 0.000000000000000000e+00
1.000000000000000000e+00 1.000000000000000000e+00 1.000000000000000000e+00 1.000000000000000000e+00 1.000000000000000000e+00 0.000000000000000000e+00 0.000000000000000000e+00 9.866861654051970465e-01 9.725231351053731377e-01 9.970052076090404336e-01 6.988643321620163773e-01 7.823564285444617461e-03 -1.527996538077974753e-01 0.000000000000000000e+00
1.000000000000000000e+00 1.000000000000000000e+00 1.000000000000000000e+00 1.000000000000000000e+00 1.000000000000000000e+00 0.000000000000000000e+00 0.000000000000000000e+00 9.941599183872680268e-01 1.086531842978344153e+00 1.003739447597439050e+00 6.447742896640011878e-01 8.709916663315275809e-02 -2.172544429159663504e-01 0.000000000000000000e+00
1.000000000000000000e+00 1.000000000000000000e+00 1.000000000000000000e+00 1.000000000000000000e+00 1.000000000000000000e+00 0.000000000000000000e+00 0.000000000000000000e+00 9.993823918613017332e-01 1.017246363798008479e+00 1.006265613130343350e+00 9.383394680856966819e-01 -1.802557644827706973e-02 -2.632237823532024290e-02 0.000000000000000000e+00
1.000000000000000000e+00 1.000000000000000000e+00 1.000000000000000000e+00 1.000000000000000000e+00 1.000000000000000000e+00 0.000000000000000000e+00 0.000000000000000000e+00 1.003634617003134277e+00 9.617942521603527473e-01 1.013556645673673762e+00 8.455837689212493125e-01 -4.901707894945561694e-02 -3.704633553850900096e-02 0.000000000000000000e+00
1.000000000000000000e+00 1.000000000000000000e+00 1.000000000000000000e+00 1.000000000000000000e+00 1.000000000000000000e+00 0.000000000000000000e+00 0.000000000000000000e+00 9.922032124946738030e-01 9.584532397641789547e-01 1.003311498528626888e+00 8.647381321228554407e-01 -4.795609306719617049e-02 -3.963496453501114125e-02 0.000000000000000000e+00
1.000000000000000000e+00 1.000000000000000000e+00 1.000000000000000000e+00 1.000000000000000000e+00 1.000000000000000000e+00 0.000000000000000000e+00 0.000000000000000000e+00 9.782726356541034951e-01 1.012792238358536601e+00 9.897246640908110571e-01 6.945524215591042383e-01 4.562350746918941713e-02 -1.840417383114221206e-01 0.000000000000000000e+00
1.000000000000000000e+00 1.000000000000000000e+00 1.000000000000000000e+00 1.000000000000000000e+00 1.000000000000000000e+00 0.000000000000000000e+00 0.000000000000000000e+00 9.674740048125726188e-01 8.793850171890662537e-01 9.786291759790842759e-01 8.629202616176351315e-01 -3.351952870353613889e-02 -3.882150524949468107e-02 0.000000000000000000e+00
1.000000000000000000e+00 1.000000000000000000e+00 1.000000000000000000e+00 1.000000000000000000e+00 1.000000000000000000e+00 0.000000000000000000e+00 0.000000000000000000e+00 9.707991006264902190e-01 9.217501749305144765e-01 9.802298124052318817e-01 9.243736624823616355e-01 -1.690680862130433670e-02 -4.865632256826368796e-02 0.000000000000000000e+00
1.000000000000000000e+00 1.000000000000000000e+00 1.000000000000000000e+00 1.000000000000000000e+00 1.000000000000000000e+00 0.000000000000000000e+00 0.000000000000000000e+00 9.806961980984242322e-01 9.354881114661383057e-01 9.903069660677998876e-01 8.793504411228482143e-01 -1.588703318221584837e-03 -1.134970830796245833e-01 0.000000000000000000e+00
1.000000000000000000e+00 1.000000000000000000e+00 1.000000000000000000e+00 1.000000000000000000e+00 1.000000000000000000e+00 0.000000000000000000e+00 0.000000000000000000e+00 9.909725269273321757e-01 1.025532521173059264e+00 1.001004975908402983e+00 5.357720431585692999e-01 8.159186426163977934e-02 -2.237788011706987046e-01 0.000000000000000000e+00
1.000000000000000000e+00 1.000000000000000000e+00 1.000000000000000000e+00 1.000000000000000000e+00 1.000000000000000000e+00 0.000000000000000000e+00 0.000000000000000000e+00 9.796807375405227614e-01 9.677986191633273227e-01 9.917206835258340902e-01 5.487313714367755280e-01 4.926120206492967668e-02 -2.174747403850397776e-01 0.000000000000000000e+00
1.000000000000000000e+00 1.000000000000000000e+00 1.000000000000000000e+00 1.000000000000000000e+00 1.000000000000000000e+00 0.000000000000000000e+00 0.000000000000000000e+00 9.863440584703665470e-01 9.758289778801225722e-01 9.953498132270063303e-01 9.180889466850306047e-01 -2.454855825098989364e-02 5.887603746854042086e-03 0.000000000000000000e+00
1.000000000000000000e+00 1.000000000000000000e+00 1.000000000000000000e+00 1.000000000000000000e+00 1.000000000000000000e+00 0.000000000000000000e+00 0.000000000000000000e+00 1.006024679790752829e+00 1.064466795279397138e+00 1.015020491332850883e+00 5.756278947762636378e-01 8.394831746192699118e-02 -2.318951655979507032e-01 0.000000000000000000e+00
1.000000000000000000e+00 1.000000000000000000e+00 1.000000000000000000e+00 1.000000000000000000e+00 1.000000000000000000e+00 0.000000000000000000e+00 0.000000000000000000e+00 9.948249476575533601e-01 9.991198911564331819e-01 1.004761386302350346e+00 6.297664838325249814e-01 3.690853670188520841e-02 -1.854202759812381696e-01 0.000000000000000000e+00
1.000000000000000000e+00 1.000000000000000000e+00 1.000000000000000000e+00 1.000000000000000000e+00 1.000000000000000000e+00 0.000000000000000000e+00 0.000000000000000000e+00 9.919032003287524546e-01 1.018988235987041691e+00 9.982938414284375783e-01 9.387829402103208265e-01 -1.562476949199065324e-02 -4.018915873772155312e-02 0.000000000000000000e+00
1.000000000000000000e+00 1.000000000000000000e+00 1.000000000000000000e+00 1.000000000000000000e+00 1.000000000000000000e+00 0.000000000000000000e+00 0.000000000000000000e+00 9.657049624461478965e-01 8.433488553143821953e-01 9.757524343227022001e-01 9.835040127701923929e-01 -5.177309641099037130e-02 -1.450560899725517050e-02 0.000000000000000000e+00
1.000000000000000000e+00 1.000000000000000000e+00 1.000000000000000000e+00 1.000000000000000000e+00 1.000000000000000000e+00 0.000000000000000000e+00 0.000000000000000000e+00 9.730737576732717553e-01 8.921182370582451115e-01 9.818614364060685995e-01 8.821718271284806345e-01 -3.196833042782520895e-02 -4.389506911162865954e-02 0.000000000000000000e+00
1.000000000000000000e+00 1.000000000000000000e+00 1.000000000000000000e+00 1.000000000000000000e+00 1.000000000000000000e+00 0.000000000000000000e+00 0.000000000000000000e+00 9.863340216265821248e-01 9.780753092641414348e-01 9.938475040965856211e-01 9.018014651428351014e-01 -2.737137752529927859e-02 -4.519714542098485222e-02 0.000000000000000000e+00
1.000000000000000000e+00 1.000000000000000000e+00 1.000000000000000000e+00 1.000000000000000000e+00 1.000000000000000000e+00 0.000000000000000000e+00 0.000000000000000000e+00 1.005211864655471521e+00 1.070815438158039257e+00 1.011270336228955680e+00 9.634061093603243364e-01 -2.029338161299099053e-02 -3.351158350332783531e-02 0.000000000000000000e+00
1.000000000000000000e+00 1.000000000000000000e+00 1.000000000000000000e+00 1.000000000000000000e+00 1.000000000000000000e+00 0.000000000000000000e+00 0.000000000000000000e+00 9.849272166548939111e-01 9.921134273920243496e-01 9.956623683252289192e-01 7.924024368701068077e-01 1.876299026798999847e-02 -1.410519453971862402e-01 0.000000000000000000e+00
1.000000000000000000e+00 1.000000000000000000e+00 1.000000000000000000e+00 1.000000000000000000e+00 1.000000000000000000e+00 0.000000000000000000e+00 0.000000000000000000e+00 9.948807751503708774e-01 1.000447142793145172e+00 1.003202803976987356e+00 9.327351366449240233e-01 -2.959706497772074396e-02 -4.357493301193482438e-02 0.000000000000000000e+00
1.000000000000000000e+00 1.000000000000000000e+00 1.000000000000000000e+00 1.000000000000000000e+00 1.000000000000000000e+00 0.000000000000000000e+00 0.000000000000000000e+00 9.843189903846201183e-01 9.112755404853550845e-01 9.948949745143482737e-01 8.698029893939045465e-01 -4.493886947989567116e-02 -3.716331218750301701e-02 0.000000000000000000e+00
1.000000000000000000e+00 1.000000000000000000e+00 1.000000000000000000e+00 1.000000000000000000e+00 1.000000000000000000e+00 0.000000000000000000e+00 0.000000000000000000e+00 9.858384190183082652e-01 9.024175487849753763e-01 9.997781530994720445e-01 8.248507456824614170e-01 -6.172978409901186403e-02 -2.860244418314550341e-02 0.000000000000000000e+00
1.000000000000000000e+00 1.000000000000000000e+00 1.000000000000000000e+00 1.000000000000000000e+00 1.000000000000000000e+00 0.000000000000000000e+00 0.000000000000000000e+00 1.004959338578484740e+00 9.801867168409228448e-01 1.009248105357573033e+00 9.229874836256617421e-01 -1.829268033948916461e-02 -3.009270626123106140e-02 0.000000000000000000e+00
1.000000000000000000e+00 1.000000000000000000e+00 1.000000000000000000e+00 1.000000000000000000e+00 1.000000000000000000e+00 0.000000000000000000e+00 0.000000000000000000e+00 9.992390747593137279e-01 9.966853898558017955e-01 1.002608488574829648e+00 1.019924326648789625e+00 -8.412928947084230558e-03 -1.568011063923580029e-02 0.000000000000000000e+00
1.000000000000000000e+00 1.000000000000000000e+00 1.000000000000000000e+00 1.000000000000000000e+00 1.000000000000000000e+00 0.000000000000000000e+00 0.000000000000000000e+00 1.005358397568078210e+00 1.043018754378998825e+00 1.007522791679369867e+00 1.039683891766565393e+00 -4.024831595506039861e-03 -4.308688455464138034e-02 0.000000000000000000e+00
1.000000000000000000e+00 1.000000000000000000e+00 1.000000000000000000e+00 1.000000000000000000e+00 1.000000000000000000e+00 0.000000000000000000e+00 0.000000000000000000e+00 1.021427501386323655e+00 1.095224030684685435e+00 1.027485539143728976e+00 7.088578204953051021e-01 1.573899698776850542e-01 -2.090830731672323473e-01 0.000000000000000000e+00
1.000000000000000000e+00 1.000000000000000000e+00 1.000000000000000000e+00 1.000000000000000000e+00 1.000000000000000000e+00 0.000000000000000000e+00 0.000000000000000000e+00 1.001442555381318433e+00 1.051509636381662727e+00 1.011060646875967306e+00 5.686090443563830421e-01 4.576511970475816149e-02 -1.956746138913803557e-01 0.000000000000000000e+00
1.000000000000000000e+00 1.000000000000000000e+00 1.000000000000000000e+00 1.000000000000000000e+00 1.000000000000000000e+00 0.000000000000000000e+00 0.000000000000000000e+00 1.008359511920428053e+00 1.069094420029299553e+00 1.016534560619546834e+00 6.221253020518910937e-01 5.511072360912772083e-02 -1.871184107570224575e-01 0.000000000000000000e+00
1.000000000000000000e+00 1.000000000000000000e+00 1.000000000000000000e+00 1.000000000000000000e+00 1.000000000000000000e+00 0.000000000000000000e+00 0.000000000000000000e+00 1.001276047076132603e+00 1.026447251345347977e+00 1.009188264543258606e+00 7.893558515185844504e-01 6.255295480943023900e-02 -1.777638753056752785e-01 0.000000000000000000e+00
1.000000000000000000e+00 1.000000000000000000e+00 1.000000000000000000e+00 1.000000000000000000e+00 1.000000000000000000e+00 0.000000000000000000e+00 0.000000000000000000e+00 1.005168712321517832e+00 1.051851980593477398e+00 1.010413980725065164e+00 9.561053409104888212e-01 -3.114519671797544298e-03 -7.675824998404301436e-02 0.000000000000000000e+00
1.000000000000000000e+00 1.000000000000000000e+00 1.000000000000000000e+00 1.000000000000000000e+00 1.000000000000000000e+00 0.000000000000000000e+00 0.000000000000000000e+00 1.000018977538531084e+00 1.012814047434108966e+00 1.009201688646777395e+00 9.029107817723778240e-01 -4.300003465927160207e-02 -1.126263871205546163e-02 0.000000000000000000e+00
1.000000000000000000e+00 1.000000000000000000e+00 1.000000000000000000e+00 1.000000000000000000e+00 1.000000000000000000e+00 0.000000000000000000e+00 0.000000000000000000e+00 9.915160226377469632e-01 1.020209438202231311e+00 9.996246897106815243e-01 9.753638113407372412e-01 -1.197476240973616157e-02 -6.989247903879358681e-02 0.000000000000000000e+00
1.000000000000000000e+00 1.000000000000000000e+00 1.000000000000000000e+00 1.000000000000000000e+00 1.000000000000000000e+00 0.000000000000000000e+00 0.000000000000000000e+00 9.967189062405692468e-01 1.016194806635661418e+00 1.006580550415882458e+00 5.674590120365776702e-01 4.777801622914112922e-02 -2.102110804878337680e-01 0.000000000000000000e+00
1.000000000000000000e+00 1.000000000000000000e+00 1.000000000000000000e+00 1.000000000000000000e+00 1.000000000000000000e+00 0.000000000000000000e+00 0.000000000000000000e+00 9.995286068661082268e-01 1.030665596663677075e+00 1.008055404880983552e+00 6.173235841857492856e-01 7.688172768555978642e-02 -1.996191157812651218e-01 0.000000000000000000e+00
1.000000000000000000e+00 1.000000000000000000e+00 1.000000000000000000e+00 1.000000000000000000e+00 1.000000000000000000e+00 0.000000000000000000e+00 0.000000000000000000e+00 9.961026436477120605e-01 9.973431766975787705e-01 9.993863285925244089e-01 9.993344804723836017e-01 1.218702989825692917e-02 -4.554987217039629943e-02 0.000000000000000000e+00
1.000000000000000000e+00 1.000000000000000000e+00 1.000000000000000000e+00 1.000000000000000000e+00 1.000000000000000000e+00 0.000000000000000000e+00 0.000000000000000000e+00 9.919200007627455573e-01 9.960313891640720785e-01 1.001318615592397654e+00 6.520630946332454103e-01 3.818784490878746052e-02 -1.886627786988037681e-01 0.000000000000000000e+00
1.000000000000000000e+00 1.000000000000000000e+00 1.000000000000000000e+00 1.000000000000000000e+00 1.000000000000000000e+00 0.000000000000000000e+00 0.000000000000000000e+00 9.838295011522129041e-01 9.458261609343909804e-01 9.915874872534760076e-01 9.486992208795511639e-01 -2.167385061957871617e-02 -7.467258969584400496e-02 0.000000000000000000e+00
1.000000000000000000e+00 1.000000000000000000e+00 1.000000000000000000e+00 1.000000000000000000e+00 1.000000000000000000e+00 0.000000000000000000e+00 0.000000000000000000e+00 9.887528527151941971e-01 9.583147218370673404e-01 9.948565066461270145e-01 9.346445124979858576e-01 -8.516116789908267926e-03 -7.288669759973132045e-02 0.000000000000000000e+00
1.000000000000000000e+00 1.000000000000000000e+00 1.000000000000000000e+00 1.000000000000000000e+00 1.000000000000000000e+00 0.000000000000000000e+00 0.000000000000000000e+00 9.939143204107292462e-01 1.006507389443164868e+00 1.003316357921593127e+00 6.710115590938855457e-01 2.945426474022450058e-02 -1.675473254587408478e-01 0.000000000000000000e+00
1.000000000000000000e+00 1.000000000000000000e+00 1.000000000000000000e+00 1.000000000000000000e+00 1.000000000000000000e+00 0.000000000000000000e+00 0.000000000000000000e+00 9.992531060815124100e-01 1.030093892480715034e+00 1.009120539765097524e+00 6.733756414495051246e-01 2.380674292179585372e-02 -1.603935775431873378e-01 0.000000000000000000e+00
1.000000000000000000e+00 1.000000000000000000e+00 1.000000000000000000e+00 1.000000000000000000e+00 1.000000000000000000e+00 0.000000000000000000e+00 0.000000000000000000e+00 9.904781636332709027e-01 9.917992023837878257e-01 1.001422204543378491e+00 7.516521085002091374e-01 1.986037819361796686e-03 -1.372141367953826352e-01 0.000000000000000000e+00
1.000000000000000000e+00 1.000000000000000000e+00 1.000000000000000000e+00 1.000000000000000000e+00 1.000000000000000000e+00 0.000000000000000000e+00 0.000000000000000000e+00 9.841581719028580366e-01 9.247815544244741837e-01 9.942295824879276989e-01 8.702885900140560071e-01 -3.827685250592272048e-02 -2.813423119676694562e-02 0.000000000000000000e+00
1.000000000000000000e+00 1.000000000000000000e+00 1.000000000000000000e+00 1.000000000000000000e+00 1.000000000000000000e+00 0.000000000000000000e+00 0.000000000000000000e+00 9.915861845195426127e-01 1.141815540323207534e+00 1.005376347777024559e+00 4.370239483284135140e-01 1.683054301949414855e-01 -3.372423341087141258e-01 0.000000000000000000e+00
1.000000000000000000e+00 1.000000000000000000e+00 1.000000000000000000e+00 1.000000000000000000e+00 1.000000000000000000e+00 0.000000000000000000e+00 0.000000000000000000e+00 9.989833482039297552e-01 1.019970764585886869e+00 1.008568015917550742e+00 7.082482007674402169e-01 6.260046989667367168e-02 -2.081991013934812451e-01 0.000000000000000000e+00
1.000000000000000000e+00 1.000000000000000000e+00 1.000000000000000000e+00 1.000000000000000000e+00 1.000000000000000000e+00 0.000000000000000000e+00 0.000000000000000000e+00 9.945633259273554128e-01 9.535104372003638806e-01 1.004457429904783039e+00 6.657313851979788089e-01 7.908514219843842952e-03 -1.720854284666347711e-01 0.000000000000000000e+00
1.000000000000000000e+00 1.000000000000000000e+00 1.000000000000000000e+00 1.000000000000000000e+00 1.000000000000000000e+00 0.000000000000000000e+00 0.000000000000000000e+00 9.790408361465213760e-01 9.766857618144232367e-01 9.869434943964104923e-01 9.830488534225103603e-01 -8.253368023768747896e-03 -2.238954710534268866e-02 0.000000000000000000e+00
1.000000000000000000e+00 1.000000000000000000e+00 1.000000000000000000e+00 1.000000000000000000e+00 1.000000000000000000e+00 0.000000000000000000e+00 0.000000000000000000e+00 9.880216310532968782e-01 1.028931474898938436e+00 9.980904412279232307e-01 7.964634404248652766e-01 3.379460461637928681e-02 -1.544150922689782601e-01 0.000000000000000000e+00
1.000000000000000000e+00 1.000000000000000000e+00 1.000000000000000000e+00 1.000000000000000000e+00 1.000000000000000000e+00 0.000000000000000000e+00 0.000000000000000000e+00 1.000711461148265258e+00 1.064545567940536674e+00 1.009401705174945763e+00 6.125228395953976612e-01 9.184575941510164654e-02 -2.147135077282145699e-01 0.000000000000000000e+00
1.000000000000000000e+00 1.000000000000000000e+00 1.000000000000000000e+00 1.000000000000000000e+00 1.000000000000000000e+00 0.000000000000000000e+00 0.000000000000000000e+00 9.917007768016119496e-01 9.628110998377003016e-01 1.002016080328446801e+00 6.888579819983176034e-01 -1.502316402918235649e-02 -1.221025490102150002e-01 0.000000000000000000e+00
1.000000000000000000e+00 1.000000000000000000e+00 1.000000000000000000e+00 1.000000000000000000e+00 1.000000000000000000e+00 0.000000000000000000e+00 0.000000000000000000e+00 1.000972970684632868e+00 1.001518786362573632e+00 1.008209463131046313e+00 8.489144263330462570e-01 -1.761466733304117849e-02 -6.270610498126016896e-02 0.000000000000000000e+00
1.000000000000000000e+00 1.000000000000000000e+00 1.000000000000000000e+00 1.000000000000000000e+00 1.000000000000000000e+00 0.000000000000000000e+00 0.000000000000000000e+00 9.971242585607831277e-01 1.003437860250096625e+00 1.002981658076297800e+00 9.645805357505637945e-01 -9.936775931868813139e-03 -7.448350087827049215e-02 0.000000000000000000e+00
1.000000000000000000e+00 1.000000000000000000e+00 1.000000000000000000e+00 1.000000000000000000e+00 1.000000000000000000e+00 0.000000000000000000e+00 0.000000000000000000e+00 9.973708064421303865e-01 1.019849057398331649e+00 1.006392108231701998e+00 5.969272741655575754e-01 5.290286499346907867e-02 -2.002311186735811210e-01 0.000000000000000000e+00
1.000000000000000000e+00 1.000000000000000000e+00 1.000000000000000000e+00 1.000000000000000000e+00 1.000000000000000000e+00 0.000000000000000000e+00 0.000000000000000000e+00 9.838195071190297680e-01 1.028329822364991708e+00 9.939795634098085308e-01 6.632536030406588345e-01 8.309838131602553801e-02 -2.115034838164708275e-01 0.000000000000000000e+00
1.000000000000000000e+00 1.000000000000000000e+00 1.000000000000000000e+00 1.000000000000000000e+00 1.000000000000000000e+00 0.000000000000000000e+00 0.000000000000000000e+00 9.907854775647699785e-01 1.041939071843748232e+00 9.965139312705597607e-01 9.891907950617394585e-01 -9.518899856209239729e-03 -3.882325453702728524e-02 0.000000000000000000e+00
1.000000000000000000e+00 1.000000000000000000e+00 1.000000000000000000e+00 1.000000000000000000e+00 1.000000000000000000e+00 0.000000000000000000e+00 0.000000000000000000e+00 9.917160587803957039e-01 1.020165096872243771e+00 1.000967936425340321e+00 7.422622264128060365e-01 5.201540007970961721e-02 -1.772608985796418346e-01 0.000000000000000000e+00
1.000000000000000000e+00 1.000000000000000000e+00 1.000000000000000000e+00 1.000000000000000000e+00 1.000000000000000000e+00 0.000000000000000000e+00 0.000000000000000000e+00 9.842455460209552642e-01 9.264115204720125840e-01 9.952579058938610945e-01 7.554121827240167786e-01 -2.408253782393954268e-02 -1.127098975429172700e-01 0.000000000000000000e+00
1.000000000000000000e+00 1.000000000000000000e+00 1.000000000000000000e+00 1.000000000000000000e+00 1.000000000000000000e+00 0.000000000000000000e+00 0.000000000000000000e+00 9.964878297785905170e-01 9.863745260330885056e-01 1.005864576674970534e+00 7.322576152019630857e-01 1.580682489294893411e-02 -1.589369435636994177e-01 0.000000000000000000e+00
1.000000000000000000e+00 1.000000000000000000e+00 1.000000000000000000e+00 1.000000000000000000e+00 1.000000000000000000e+00 0.000000000000000000e+00 0.000000000000000000e+00 9.808903039155325576e-01 8.398211115794378401e-01 9.941516283296484291e-01 8.324364550529830264e-01 -6.341282260245861835e-02 6.272617618284126451e-03 0.000000000000000000e+00
1.000000000000000000e+00 1.000000000000000000e+00 1.000000000000000000e+00 1.000000000000000000e+00 1.000000000000000000e+00 0.000000000000000000e+00 0.000000000000000000e+00 1.006437133321596011e+00 1.024008094006288783e+00 1.016538277021504788e+00 6.334413147498243468e-01 5.457228499634558805e-02 -2.271015690540238441e-01 0.000000000000000000e+00
1.000000000000000000e+00 1.000000000000000000e+00 1.000000000000000000e+00 1.000000000000000000e+00 1.000000000000000000e+00 0.000000000000000000e+00 0.000000000000000000e+00 9.900956839877019799e-01 1.102237104012382840e+00 1.001550879744014688e+00 5.154499011914757123e-01 1.644650745817484161e-01 -2.505594698623935246e-01 0.000000000000000000e+00
1.000000000000000000e+00 1.000000000000000000e+00 1.000000000000000000e+00 1.000000000000000000e+00 1.000000000000000000e+00 0.000000000000000000e+00 0.000000000000000000e+00 9.952829013011935677e-01 1.031296289829274127e+00 1.003707903050977457e+00 8.295202161039804123e-01 7.185937689060484246e-02 -1.672225945406801140e-01 0.000000000000000000e+00
1.000000000000000000e+00 1.000000000000000000e+00 1.000000000000000000e+00 1.000000000000000000e+00 1.000000000000000000e+00 0.000000000000000000e+00 0.000000000000000000e+00 9.948635053078447310e-01 9.305287101850948650e-01 1.000575498719309175e+00 9.552480456090295391e-01 -4.430421158049957508e-02 -3.535718684279687274e-02 0.000000000000000000e+00
1.000000000000000000e+00 1.000000000000000000e+00 1.000000000000000000e+00 1.000000000000000000e+00 1.000000000000000000e+00 0.000000000000000000e+00 0.000000000000000000e+00 1.006621161017224431e+00 1.028869625394293941e+00 1.009344220155985683e+00 1.006270235186240924e+00 -4.168521354461884876e-03 -5.836587988175734321e-02 0.000000000000000000e+00
1.000000000000000000e+00 1.000000000000000000e+00 1.000000000000000000e+00 1.000000000000000000e+00 1.000000000000000000e+00 0.000000000000000000e+00 0.000000000000000000e+00 9.956407101364245227e-01 9.869992720585546442e-01 1.004634505982507475e+00 6.641186560944000172e-01 3.002345894548896776e-02 -1.748957806068477949e-01 0.000000000000000000e+00
1.000000000000000000e+00 1.000000000000000000e+00 1.000000000000000000e+00 1.000000000000000000e+00 1.000000000000000000e+00 0.000000000000000000e+00 0.000000000000000000e+00 9.947673293734686784e-01 1.071479649255692612e+00 1.004536666825197155e+00 8.523637682190673415e-01 5.154713672667998736e-02 -1.547669876931534461e-01 0.000000000000000000e+00
1.000000000000000000e+00 1.000000000000000000e+00 1.000000000000000000e+00 1.000000000000000000e+00 1.000000000000000000e+00 0.000000000000000000e+00 0.000000000000000000e+00 9.864740633388889846e-01 1.038259977461859274e+00 9.957456492808228754e-01 8.900166361316099728e-01 3.004982725786797815e-02 -1.065720730184032128e-01 0.000000000000000000e+00
1.000000000000000000e+00 1.000000000000000000e+00 1.000000000000000000e+00 1.000000000000000000e+00 1.000000000000000000e+00 0.000000000000000000e+00 0.000000000000000000e+00 9.884749873788810648e-01 9.805121846920887840e-01 9.966054761812347396e-01 9.207702691047694454e-01 -2.239316626557641410e-02 -5.049869067865109251e-02 0.000000000000000000e+00
1.000000000000000000e+00 1.000000000000000000e+00 1.000000000000000000e+00 1.000000000000000000e+00 1.000000000000000000e+00 0.000000000000000000e+00 0.000000000000000000e+00 9.908025885297631064e-01 9.998911522114249939e-01 9.943726328259667735e-01 1.069523706109174910e+00 1.145336482594871974e-02 -4.475366700815575083e-02 0.000000000000000000e+00
1.000000000000000000e+00 1.000000000000000000e+00 1.000000000000000000e+00 1.000000000000000000e+00 1.000000000000000000e+00 0.000000000000000000e+00 0.000000000000000000e+00 1.003809983165416586e+00 1.054241924976812683e+00 1.011633405166020960e+00 7.775560202654655528e-01 6.810223635057810476e-02 -1.803151756884063261e-01 0.000000000000000000e+00
1.000000000000000000e+00 1.000000000000000000e+00 1.000000000000000000e+00 1.000000000000000000e+00 1.000000000000000000e+00 0.000000000000000000e+00 0.000000000000000000e+00 9.964508737515282988e-01 1.053571158551464437e+00 1.006529405866543270e+00 6.712076108841898980e-01 4.815498408473362080e-02 -1.864828449370004582e-01 0.000000000000000000e+00
1.000000000000000000e+00 1.000000000000000000e+00 1.000000000000000000e+00 1.000000000000000000e+00 1.000000000000000000e+00 0.000000000000000000e+00 0.000000000000000000e+00 9.729489009642845465e-01 8.806737942176552369e-01 9.805619871026928225e-01 9.159150050857048919e-01 -2.307689246787769655e-02 -4.115009078450793112e-02 0.000000000000000000e+00
1.000000000000000000e+00 1.000000000000000000e+00 1.000000000000000000e+00 1.000000000000000000e+00 1.000000000000000000e+00 0.000000000000000000e+00 0.000000000000000000e+00 9.949825278458869215e-01 1.073041578338760349e+00 1.004631453878281899e+00 6.624746413276751955e-01 1.028402711129829949e-01 -2.025147293218656497e-01 0.000000000000000000e+00
1.000000000000000000e+00 1.000000000000000000e+00 1.000000000000000000e+00 1.000000000000000000e+00 1.000000000000000000e+00 0.000000000000000000e+00 0.000000000000000000e+00 1.007760343179938456e+00 1.039120213192899378e+00 1.017269926680125947e+00 6.190372779109075685e-01 9.377971621138125879e-02 -2.162871676384528485e-01 0.000000000000000000e+00
1.000000000000000000e+00 1.000000000000000000e+00 1.000000000000000000e+00 1.000000000000000000e+00 1.000000000000000000e+00 0.000000000000000000e+00 0.000000000000000000e+00 1.014350648295028190e+00 1.073953250784040359e+00 1.023080654425128966e+00 6.324415578997859555e-01 9.385657268592795255e-02 -2.216183381299713373e-01 0.000000000000000000e+00
1.000000000000000000e+00 1.000000000000000000e+00 1.000000000000000000e+00 1.000000000000000000e+00 1.000000000000000000e+00 0.000000000000000000e+00 0.000000000000000000e+00 1.007909815197913783e+00 1.078292109179572078e+00 1.019639422711336563e+00 5.577319061229140118e-01 6.051750492389640357e-02 -2.150533243799405136e-01 0.000000000000000000e+00
1.000000000000000000e+00 1.000000000000000000e+00 1.000000000000000000e+00 1.000000000000000000e+00 1.000000000000000000e+00 0.000000000000000000e+00 0.000000000000000000e+00 9.896050010307967382e-01 9.925337227397311723e-01 9.984363587841936782e-01 7.386618045817683331e-01 7.371768829155012082e-02 -1.951526233299399338e-01 0.000000000000000000e+00
1.000000000000000000e+00 1.000000000000000000e+00 1.000000000000000000e+00 1.000000000000000000e+00 1.000000000000000000e+00 0.000000000000000000e+00 0.000000000000000000e+00 9.898510023644518929e-01 1.006851073096565408e+00 9.994305173697796141e-01 6.520181284181478798e-01 5.680225757049706115e-02 -1.973199778771619894e-01 0.000000000000000000e+00
1.000000000000000000e+00 1.000000000000000000e+00 1.000000000000000000e+00 1.000000000000000000e+00 1.000000000000000000e+00 0.000000000000000000e+00 0.000000000000000000e+00 1.003597668931692111e+00 1.114379899336404245e+00 1.013817900672471239e+00 5.165470376521381635e-01 1.564353058313496803e-01 -2.598097498358186153e-01 0.000000000000000000e+00
1.000000000000000000e+00 1.000000000000000000e+00 1.000000000000000000e+00 1.000000000000000000e+00 1.000000000000000000e+00 0.000000000000000000e+00 0.000000000000000000e+00 9.911660249736710115e-01 1.010979106677170947e+00 1.000650912437242024e+00 7.295056568354247872e-01 4.305524728200660345e-02 -1.747845012022442024e-01 0.000000000000000000e+00
1.000000000000000000e+00 1.000000000000000000e+00 1.000000000000000000e+00 1.000000000000000000e+00 1.000000000000000000e+00 0.000000000000000000e+00 0.000000000000000000e+00 9.974894500632865979e-01 1.006753135570003010e+00 1.007242453970361051e+00 8.356543928471794613e-01 -1.442680093818315967e-03 -1.076620455894555795e-01 0.000000000000000000e+00
1.000000000000000000e+00 1.000000000000000000e+00 1.000000000000000000e+00 1.000000000000000000e+00 1.000000000000000000e+00 0.000000000000000000e+00 0.000000000000000000e+00 9.956853321534264722e-01 9.818710416857284740e-01 1.006017417066818798e+00 6.504483207174002191e-01 5.169444399729949957e-02 -2.109099339838471643e-01 0.000000000000000000e+00
1.000000000000000000e+00 1.000000000000000000e+00 1.000000000000000000e+00 1.000000000000000000e+00 1.000000000000000000e+00 0.000000000000000000e+00 0.000000000000000000e+00 1.012078056900622691e+00 1.133622193711640191e+00 1.020900329713841925e+00 6.452706234976777200e-01 1.264181085653754977e-01 -2.377045646729575301e-01 0.000000000000000000e+00
1.000000000000000000e+00 1.000000000000000000e+00 1.000000000000000000e+00 1.000000000000000000e+00 1.000000000000000000e+00 0.000000000000000000e+00 0.000000000000000000e+00 9.954110881103103159e-01 9.966337372837645869e-01 1.005102490041115404e+00 7.935935648302601120e-01 3.057617910045440368e-03 -1.195845768458565495e-01 0.000000000000000000e+00
1.000000000000000000e+00 1.000000000000000000e+00 1.000000000000000000e+00 1.000000000000000000e+00 1.000000000000000000e+00 0.000000000000000000e+00 0.000000000000000000e+00 1.007788607794178448e+00 1.052176664432615816e+00 1.016492523807616788e+00 6.601206616772183899e-01 4.296746480075719354e-02 -1.797298704648769840e-01 0.000000000000000000e+00
1.000000000000000000e+00 1.000000000000000000e+00 1.000000000000000000e+00 1.000000000000000000e+00 1.000000000000000000e+00 0.000000000000000000e+00 0.000000000000000000e+00 1.006684842465815910e+00 1.086284367860483435e+00 1.015586159883907102e+00 6.095872863295117572e-01 8.760390789440097858e-02 -2.096869485739818462e-01 0.000000000000000000e+00
1.000000000000000000e+00 1.000000000000000000e+00 1.000000000000000000e+00 1.000000000000000000e+00 1.000000000000000000e+00 0.000000000000000000e+00 0.000000000000000000e+00 9.978474461500740356e-01 1.059777001761610604e+00 1.007425790383867481e+00 7.517991088168202163e-01 6.801400088103681796e-02 -1.955580398388619967e-01 0.000000000000000000e+00
1.000000000000000000e+00 1.000000000000000000e+00 1.000000000000000000e+00 1.000000000000000000e+00 1.000000000000000000e+00 0.000000000000000000e+00 0.000000000000000000e+00 9.846424615102307154e-01 9.428926471849666813e-01 9.930745924824316839e-01 9.586534700448294810e-01 -4.058725860946499342e-02 -2.913168676059496587e-02 0.000000000000000000e+00
1.000000000000000000e+00 1.000000000000000000e+00 1.000000000000000000e+00 1.000000000000000000e+00 1.000000000000000000e+00 0.000000000000000000e+00 0.000000000000000000e+00 9.826630250068126848e-01 9.113026353472702956e-01 9.921839358395629915e-01 9.083227344374263934e-01 -4.545654320700209805e-02 -2.160617218396487793e-02 0.000000000000000000e+00
1.000000000000000000e+00 1.000000000000000000e+00 1.000000000000000000e+00 1.000000000000000000e+00 1.000000000000000000e+00 0.000000000000000000e+00 0.000000000000000000e+00 9.992504389881116111e-01 1.024086761350767816e+00 1.008814615792606117e+00 6.099716388508773512e-01 6.756937819937591794e-02 -2.149352607966071860e-01 0.000000000000000000e+00
1.000000000000000000e+00 1.000000000000000000e+00 1.000000000000000000e+00 1.000000000000000000e+00 1.000000000000000000e+00 0.000000000000000000e+00 0.000000000000000000e+00 9.784389166440532470e-01 9.377852799735115763e-01 9.880443691712941234e-01 6.850155220647672349e-01 4.571333452616466175e-02 -1.783702266438887407e-01 0.000000000000000000e+00
1.000000000000000000e+00 1.000000000000000000e+00 1.000000000000000000e+00 1.000000000000000000e+00 1.000000000000000000e+00 0.000000000000000000e+00 0.000000000000000000e+00 9.706504962731740127e-01 8.872281299898651108e-01 9.784516510717095050e-01 8.874681864702826939e-01 -1.954198454272471075e-02 -2.782506993610622814e-02 0.000000000000000000e+00
1.000000000000000000e+00 1.000000000000000000e+00 1.000000000000000000e+00 1.000000000000000000e+00 1.000000000000000000e+00 0.000000000000000000e+00 0.000000000000000000e+00 9.893660264713995955e-01 1.061171204910460908e+00 9.990139149737214952e-01 6.105912902425184585e-01 1.235856393533623088e-01 -2.148718303583264100e-01 0.000000000000000000e+00
1.000000000000000000e+00 1.000000000000000000e+00 1.000000000000000000e+00 1.000000000000000000e+00 1.000000000000000000e+00 0.000000000000000000e+00 0.000000000000000000e+00 9.875540820918726759e-01 1.020978442766400596e+00 9.981018330816674444e-01 5.960267870567128590e-01 7.727353741789921848e-02 -2.135658495803380852e-01 0.000000000000000000e+00
1.000000000000000000e+00 1.000000000000000000e+00 1.000000000000000000e+00 1.000000000000000000e+00 1.000000000000000000e+00 0.000000000000000000e+00 0.000000000000000000e+00 1.000775773941485758e+00 1.025933947447243089e+00 1.009976965026297968e+00 7.349059907937407488e-01 3.741340912506041505e-02 -1.747851893450592109e-01 0.000000000000000000e+00
1.000000000000000000e+00 1.000000000000000000e+00 1.000000000000000000e+00 1.000000000000000000e+00 1.000000000000000000e+00 0.000000000000000000e+00 0.000000000000000000e+00 1.005935580793541506e+00 1.034471324315130447e+00 1.014753039449277638e+00 6.527108125405742811e-01 5.909676133903640771e-02 -1.986915903957006124e-01 0.000000000000000000e+00
1.000000000000000000e+00 1.000000000000000000e+00 1.000000000000000000e+00 1.000000000000000000e+00 1.000000000000000000e+00 0.000000000000000000e+00 0.000000000000000000e+00 1.007263235860052397e+00 1.059430294048446353e+00 1.017464833974106142e+00 6.070986824094509737e-01 5.130074295690401076e-02 -2.016534955186327638e-01 0.000000000000000000e+00
1.000000000000000000e+00 1.000000000000000000e+00 1.000000000000000000e+00 1.000000000000000000e+00 1.000000000000000000e+00 0.000000000000000000e+00 0.000000000000000000e+00 9.917413884131319746e-01 8.581835539847799676e-01 9.984472850827537105e-01 8.986234464250328902e-01 -4.269874132024009672e-02 -1.115836490653632218e-02 0.000000000000000000e+00
1.000000000000000000e+00 1.000000000000000000e+00 1.000000000000000000e+00 1.000000000000000000e+00 1.000000000000000000e+00 0.000000000000000000e+00 0.000000000000000000e+00 9.854444001101321238e-01 9.037606161297131457e-01 9.917815067169903909e-01 9.227472906741398528e-01 -2.548643811281658955e-02 -2.581603851620584145e-02 0.000000000000000000e+00
1.000000000000000000e+00 1.000000000000000000e+00 1.000000000000000000e+00 1.000000000000000000e+00 1.000000000000000000e+00 0.000000000000000000e+00 0.000000000000000000e+00 1.000329119684134849e+00 9.208925792256604792e-01 1.007068947229717182e+00 8.400570855086278987e-01 -3.321942836933433618e-02 -7.066530442197005435e-02 0.000000000000000000e+00
1.000000000000000000e+00 1.000000000000000000e+00 1.000000000000000000e+00 1.000000000000000000e+00 1.000000000000000000e+00 0.000000000000000000e+00 0.000000000000000000e+00 9.968361480994902823e-01 8.752972000749704717e-01 1.004666018642674574e+00 8.335945134068961648e-01 -4.532804305753779239e-02 -5.566148318003338868e-02 0.000000000000000000e+00
1.000000000000000000e+00 1.000000000000000000e+00 1.000000000000000000e+00 1.000000000000000000e+00 1.000000000000000000e+00 0.000000000000000000e+00 0.000000000000000000e+00 1.010067587086637353e+00 1.059416557231201095e+00 1.019464624716659884e+00 8.017977439259001970e-01 3.782823962676262752e-03 -1.346834453066906301e-01 0.000000000000000000e+00
1.000000000000000000e+00 1.000000000000000000e+00 1.000000000000000000e+00 1.000000000000000000e+00 1.000000000000000000e+00 0.000000000000000000e+00 0.000000000000000000e+00 1.005874196887296845e+00 1.083120509163242762e+00 1.015426954778403168e+00 8.744382191375860147e-01 2.579972824546106214e-02 -1.397542169612377982e-01 0.000000000000000000e+00
1.000000000000000000e+00 1.000000000000000000e+00 1.000000000000000000e+00 1.000000000000000000e+00 1.000000000000000000e+00 0.000000000000000000e+00 0.000000000000000000e+00 9.987425154749296485e-01 1.079375501287164640e+00 1.006657534465447812e+00 1.051084085223354059e+00 -1.620876208798449625e-02 -1.355308667394383715e-02 0.000000000000000000e+00
1.000000000000000000e+00 1.000000000000000000e+00 1.000000000000000000e+00 1.000000000000000000e+00 1.000000000000000000e+00 0.000000000000000000e+00 0.000000000000000000e+00 1.006385479339352518e+00 1.139343003603964899e+00 1.013820551344682963e+00 1.085321333703230362e+00 -1.344293299366539074e-02 -1.025059648504844656e-02 0.000000000000000000e+00
1.000000000000000000e+00 1.000000000000000000e+00 1.000000000000000000e+00 1.000000000000000000e+00 1.000000000000000000e+00 0.000000000000000000e+00 0.000000000000000000e+00 1.005843557805954358e+00 1.044328912523688757e+00 1.014861321567538388e+00 6.330501056479972410e-01 7.711703584043350101e-02 -2.078314060260817442e-01 0.000000000000000000e+00
1.000000000000000000e+00 1.000000000000000000e+00 1.000000000000000000e+00 1.000000000000000000e+00 1.000000000000000000e+00 0.000000000000000000e+00 0.000000000000000000e+00 1.000775773941485758e+00 1.025933947447243089e+00 1.009976965026297968e+00 7.349059907937407488e-01 3.741340912506041505e-02 -1.747851893450592109e-01 0.000000000000000000e+00
1.000000000000000000e+00 1.000000000000000000e+00 1.000000000000000000e+00 1.000000000000000000e+00 1.000000000000000000e+00 0.000000000000000000e+00 0.000000000000000000e+00 1.005935580793541506e+00 1.034471324315130447e+00 1.014753039449277638e+00 6.527108125405742811e-01 5.909676133903640771e-02 -1.986915903957006124e-01 0.000000000000000000e+00
1.000000000000000000e+00 1.000000000000000000e+00 1.000000000000000000e+00 1.000000000000000000e+00 1.000000000000000000e+00 0.000000000000000000e+00 0.000000000000000000e+00 1.007263235860052397e+00 1.059430294048446353e+00 1.017464833974106142e+00 6.070986824094509737e-01 5.130074295690401076e-02 -2.016534955186327638e-01 0.000000000000000000e+00
1.000000000000000000e+00 1.000000000000000000e+00 1.000000000000000000e+00 1.000000000000000000e+00 1.000000000000000000e+00 0.000000000000000000e+00 0.000000000000000000e+00 1.003709039156771121e+00 9.252062981456604662e-01 1.010463880707569428e+00 9.077496117777615892e-01 -4.658154455708918285e-02 -3.925775896721472868e-02 0.000000000000000000e+00
1.000000000000000000e+00 1.000000000000000000e+00 1.000000000000000000e+00 1.000000000000000000e+00 1.000000000000000000e+00 0.000000000000000000e+00 0.000000000000000000e+00 9.978966022819029114e-01 9.383501876949719156e-01 1.006870146953436462e+00 8.688433761577817327e-01 -4.962115015174850541e-02 -2.219766561625180490e-02 0.000000000000000000e+00
1.000000000000000000e+00 1.000000000000000000e+00 1.000000000000000000e+00 1.000000000000000000e+00 1.000000000000000000e+00 0.000000000000000000e+00 0.000000000000000000e+00 9.938808234845224465e-01 9.688244603484225115e-01 1.001235959809686937e+00 8.673366386976264497e-01 5.752872280709864228e-03 -1.006830830650807806e-01 0.000000000000000000e+00
1.000000000000000000e+00 1.000000000000000000e+00 1.000000000000000000e+00 1.000000000000000000e+00 1.000000000000000000e+00 0.000000000000000000e+00 0.000000000000000000e+00 1.008633811956993753e+00 1.076355693093407062e+00 1.017371381721436707e+00 7.360920930959061748e-01 1.082679838381269688e-01 -1.997293631088458143e-01 0.000000000000000000e+00
1.000000000000000000e+00 1.000000000000000000e+00 1.000000000000000000e+00 1.000000000000000000e+00 1.000000000000000000e+00 0.000000000000000000e+00 0.000000000000000000e+00 1.005502132807887472e+00 1.026487411937663907e+00 1.013129828588793524e+00 7.526502986233339909e-01 2.759362413440125117e-02 -1.558407353255231165e-01 0.000000000000000000e+00
1.000000000000000000e+00 1.000000000000000000e+00 1.000000000000000000e+00 1.000000000000000000e+00 1.000000000000000000e+00 0.000000000000000000e+00 0.000000000000000000e+00 1.001584742752334556e+00 9.556504341115135137e-01 1.009306525199007210e+00 7.054712539065648436e-01 5.086665753833541359e-03 -1.484488027947969968e-01 0.000000000000000000e+00
1.000000000000000000e+00 1.000000000000000000e+00 1.000000000000000000e+00 1.000000000000000000e+00 1.000000000000000000e+00 0.000000000000000000e+00 0.000000000000000000e+00 9.997861600019611883e-01 1.027320526086752395e+00 1.008532626485241446e+00 7.385925007017198896e-01 3.349808431597633973e-02 -1.710979575211942216e-01 0.000000000000000000e+00
1.000000000000000000e+00 1.000000000000000000e+00 1.000000000000000000e+00 1.000000000000000000e+00 1.000000000000000000e+00 0.000000000000000000e+00 0.000000000000000000e+00 1.006860149153289807e+00 1.035053908748155838e+00 1.013347945966733388e+00 9.076384237385227705e-01 -2.896059591217403639e-02 -3.594772741352558754e-02 0.000000000000000000e+00
1.000000000000000000e+00 1.000000000000000000e+00 1.000000000000000000e+00 1.000000000000000000e+00 1.000000000000000000e+00 0.000000000000000000e+00 0.000000000000000000e+00 1.008955707456219653e+00 1.062179604731103622e+00 1.017356839889643538e+00 7.036146155461489027e-01 6.197634821186781551e-02 -2.104021725279490718e-01 0.000000000000000000e+00
1.000000000000000000e+00 1.000000000000000000e+00 1.000000000000000000e+00 1.000000000000000000e+00 1.000000000000000000e+00 0.000000000000000000e+00 0.000000000000000000e+00 1.009626776183223384e+00 1.046135513030755915e+00 1.012383548233540376e+00 9.924116722051103956e-01 7.938220211195834430e-03 -2.638973068617511686e-02 0.000000000000000000e+00
1.000000000000000000e+00 1.000000000000000000e+00 1.000000000000000000e+00 1.000000000000000000e+00 1.000000000000000000e+00 0.000000000000000000e+00 0.000000000000000000e+00 9.885486780577599220e-01 9.963436034588728507e-01 9.965851304911105268e-01 9.267811069826753512e-01 -2.121195951763332754e-02 -3.118180694509042894e-02 0.000000000000000000e+00
1.000000000000000000e+00 1.000000000000000000e+00 1.000000000000000000e+00 1.000000000000000000e+00 1.000000000000000000e+00 0.000000000000000000e+00 0.000000000000000000e+00 9.833817229265979787e-01 9.792865261343907113e-01 9.940782575204146765e-01 9.111125189727214968e-01 -2.761651463174596977e-02 -5.065355300755292056e-02 0.000000000000000000e+00
1.000000000000000000e+00 1.000000000000000000e+00 1.000000000000000000e+00 1.000000000000000000e+00 1.000000000000000000e+00 0.000000000000000000e+00 0.000000000000000000e+00 9.978763883758339226e-01 1.053234433154168315e+00 1.004150527155120987e+00 9.507309131174109806e-01 -9.396435233184674551e-03 -2.639781624085735245e-03 0.000000000000000000e+00
1.000000000000000000e+00 1.000000000000000000e+00 1.000000000000000000e+00 1.000000000000000000e+00 1.000000000000000000e+00 0.000000000000000000e+00 0.000000000000000000e+00 9.944972720649111197e-01 1.067902393106216374e+00 1.005488093097480995e+00 6.478207510651777801e-01 6.758419172248864015e-02 -2.226579551162082282e-01 0.000000000000000000e+00
1.000000000000000000e+00 1.000000000000000000e+00 1.000000000000000000e+00 1.000000000000000000e+00 1.000000000000000000e+00 0.000000000000000000e+00 0.000000000000000000e+00 9.945291557659322601e-01 9.967274676957984525e-01 1.002795923063205308e+00 8.908342004104821132e-01 -2.688152266428545101e-02 -6.241274893572434923e-02 0.000000000000000000e+00
1.000000000000000000e+00 1.000000000000000000e+00 1.000000000000000000e+00 1.000000000000000000e+00 1.000000000000000000e+00 0.000000000000000000e+00 0.000000000000000000e+00 1.006748926996754001e+00 1.131998544911043458e+00 1.017025409880563780e+00 6.150905342394845654e-01 1.214452895780366859e-01 -2.352737961868789918e-01 0.000000000000000000e+00
1.000000000000000000e+00 1.000000000000000000e+00 1.000000000000000000e+00 1.000000000000000000e+00 1.000000000000000000e+00 0.000000000000000000e+00 0.000000000000000000e+00 9.862807690676196337e-01 1.017333033834729061e+00 9.938881225698524835e-01 9.726080139727572016e-01 -1.582814091884710006e-02 -4.014472844164973520e-02 0.000000000000000000e+00
1.000000000000000000e+00 1.000000000000000000e+00 1.000000000000000000e+00 1.000000000000000000e+00 1.000000000000000000e+00 0.000000000000000000e+00 0.000000000000000000e+00 9.972709117013544011e-01 1.125729932424354818e+00 1.009473333525852556e+00 3.953444480320230103e-01 1.584359290086783112e-01 -2.828215508312220128e-01 0.000000000000000000e+00
1.000000000000000000e+00 1.000000000000000000e+00 1.000000000000000000e+00 1.000000000000000000e+00 1.000000000000000000e+00 0.000000000000000000e+00 0.000000000000000000e+00 9.923644194511935801e-01 1.019691342965351577e+00 9.994847609115636855e-01 9.067270469297150637e-01 -1.710680240854678402e-02 -4.050173053067152029e-02 0.000000000000000000e+00
1.000000000000000000e+00 1.000000000000000000e+00 1.000000000000000000e+00 1.000000000000000000e+00 1.000000000000000000e+00 0.000000000000000000e+00 0.000000000000000000e+00 9.857716631291288945e-01 1.031840119871320294e+00 9.952337982098059532e-01 9.629564599696022187e-01 -3.135022562362088649e-03 -6.486028943736366070e-02 0.000000000000000000e+00
1.000000000000000000e+00 1.000000000000000000e+00 1.000000000000000000e+00 1.000000000000000000e+00 1.000000000000000000e+00 0.000000000000000000e+00 0.000000000000000000e+00 1.006232139698054695e+00 1.032935627424539593e+00 1.011343921845885507e+00 9.332158407347115325e-01 -1.316738202382017331e-02 -7.866703515631812138e-02 0.000000000000000000e+00
1.000000000000000000e+00 1.000000000000000000e+00 1.000000000000000000e+00 1.000000000000000000e+00 1.000000000000000000e+00 0.000000000000000000e+00 0.000000000000000000e+00 9.968919283787390784e-01 1.017636698972987919e+00 1.003686580715464460e+00 9.210366995383858502e-01 -2.309660855516759703e-02 -2.601561197788715418e-02 0.000000000000000000e+00
1.000000000000000000e+00 1.000000000000000000e+00 1.000000000000000000e+00 1.000000000000000000e+00 1.000000000000000000e+00 0.000000000000000000e+00 0.000000000000000000e+00 1.000331523414600188e+00 1.062167112158939775e+00 1.009928260812104073e+00 6.761901443422476676e-01 4.608749836949777023e-02 -1.766379333700726639e-01 0.000000000000000000e+00
1.000000000000000000e+00 1.000000000000000000e+00 1.000000000000000000e+00 1.000000000000000000e+00 1.000000000000000000e+00 0.000000000000000000e+00 0.000000000000000000e+00 9.898721914117163401e-01 1.016716187057491894e+00 1.000014912673620637e+00 6.682841964793071465e-01 4.440229152661279155e-02 -1.775620171502680367e-01 0.000000000000000000e+00
1.000000000000000000e+00 1.000000000000000000e+00 1.000000000000000000e+00 1.000000000000000000e+00 1.000000000000000000e+00 0.000000000000000000e+00 0.000000000000000000e+00 9.828419208590083445e-01 9.600218321657139064e-01 9.911800847282523641e-01 9.296367822953988114e-01 -2.032059784781314882e-02 -2.851847694477616102e-02 0.000000000000000000e+00
1.000000000000000000e+00 1.000000000000000000e+00 1.000000000000000000e+00 1.000000000000000000e+00 1.000000000000000000e+00 0.000000000000000000e+00 0.000000000000000000e+00 9.704638190655583418e-01 8.869172162866906239e-01 9.809469791925807813e-01 9.156835981068260910e-01 -3.212547304229429468e-02 -3.792013556316886635e-02 0.000000000000000000e+00
1.000000000000000000e+00 1.000000000000000000e+00 1.000000000000000000e+00 1.000000000000000000e+00 1.000000000000000000e+00 0.000000000000000000e+00 0.000000000000000000e+00 1.000166749637916963e+00 1.012820791819442290e+00 1.008064249918806610e+00 7.734516979578247575e-01 5.242686228529291892e-02 -1.689547318661084319e-01 0.000000000000000000e+00
1.000000000000000000e+00 1.000000000000000000e+00 1.000000000000000000e+00 1.000000000000000000e+00 1.000000000000000000e+00 0.000000000000000000e+00 0.000000000000000000e+00 1.005023514429504994e+00 1.071430664491015872e+00 1.013904405415593013e+00 6.901951420421443828e-01 9.238888606511364010e-02 -2.052114478215274485e-01 0.000000000000000000e+00
1.000000000000000000e+00 1.000000000000000000e+00 1.000000000000000000e+00 1.000000000000000000e+00 1.000000000000000000e+00 0.000000000000000000e+00 0.000000000000000000e+00 1.005385166381661310e+00 1.067179429499342636e+00 1.011457440604569546e+00 1.044951588473864490e+00 -1.725915204149330862e-02 -3.387595022276146395e-04 0.000000000000000000e+00
1.000000000000000000e+00 1.000000000000000000e+00 1.000000000000000000e+00 1.000000000000000000e+00 1.000000000000000000e+00 0.000000000000000000e+00 0.000000000000000000e+00 9.979771937899284406e-01 1.026502521444614402e+00 1.005025065469559609e+00 1.026959393358465755e+00 -2.634928351762122478e-02 -3.693184276136429744e-02 0.000000000000000000e+00
1.000000000000000000e+00 1.000000000000000000e+00 1.000000000000000000e+00 1.000000000000000000e+00 1.000000000000000000e+00 0.000000000000000000e+00 0.000000000000000000e+00 9.973364731069358502e-01 1.096151342561841213e+00 1.002284285387924578e+00 1.097513946141852381e+00 -5.380132667279768910e-03 -2.489817800535065739e-02 0.000000000000000000e+00
1.000000000000000000e+00 1.000000000000000000e+00 1.000000000000000000e+00 1.000000000000000000e+00 1.000000000000000000e+00 0.000000000000000000e+00 0.000000000000000000e+00 9.938135132575560693e-01 1.044897250506427788e+00 1.004073083377117426e+00 1.034348230750369968e+00 -2.564025888686627397e-02 -3.034641673248539284e-02 0.000000000000000000e+00
1.000000000000000000e+00 1.000000000000000000e+00 1.000000000000000000e+00 1.000000000000000000e+00 1.000000000000000000e+00 0.000000000000000000e+00 0.000000000000000000e+00 1.018696893303872031e+00 1.101352496102645073e+00 1.022659198201234743e+00 1.017797007363307360e+00 -3.530984549834359498e-04 -4.139250872753363897e-02 0.000000000000000000e+00
1.000000000000000000e+00 1.000000000000000000e+00 1.000000000000000000e+00 1.000000000000000000e+00 1.000000000000000000e+00 0.000000000000000000e+00 0.000000000000000000e+00 1.005334724905341703e+00 1.120642954239622568e+00 1.010476664532740321e+00 1.058108571063248515e+00 -5.271449723822430045e-03 -1.795397611401461369e-02 0.000000000000000000e+00
1.000000000000000000e+00 1.000000000000000000e+00 1.000000000000000000e+00 1.000000000000000000e+00 1.000000000000000000e+00 0.000000000000000000e+00 0.000000000000000000e+00 1.020838469779235869e+00 1.113158811223654565e+00 1.029544011036679141e+00 6.769606495859908923e-01 8.123166380869639713e-02 -2.355207868391211989e-01 0.000000000000000000e+00
1.000000000000000000e+00 1.000000000000000000e+00 1.000000000000000000e+00 1.000000000000000000e+00 1.000000000000000000e+00 0.000000000000000000e+00 0.000000000000000000e+00 1.020074462523730574e+00 1.130581356936883886e+00 1.025337586288969982e+00 1.004846037043989559e+00 6.542237332062383892e-03 -6.289095704139169296e-02 0.000000000000000000e+00
1.000000000000000000e+00 1.000000000000000000e+00 1.000000000000000000e+00 1.000000000000000000e+00 1.000000000000000000e+00 0.000000000000000000e+00 0.000000000000000000e+00 1.018278781040250713e+00 1.105197341214456896e+00 1.023099680419514268e+00 1.037776977922357569e+00 -8.320935311246779875e-03 -4.936445174663339763e-02 0.000000000000000000e+00
1.000000000000000000e+00 1.000000000000000000e+00 1.000000000000000000e+00 1.000000000000000000e+00 1.000000000000000000e+00 0.000000000000000000e+00 0.000000000000000000e+00 1.021549403438942960e+00 1.125459525556614437e+00 1.029521735605026578e+00 7.786011880647429884e-01 6.784372575608277334e-02 -1.923750626521202323e-01 0.000000000000000000e+00
1.000000000000000000e+00 1.000000000000000000e+00 1.000000000000000000e+00 1.000000000000000000e+00 1.000000000000000000e+00 0.000000000000000000e+00 0.000000000000000000e+00 1.015594234444334942e+00 1.093786209187778136e+00 1.023928940929939913e+00 8.399619361496977188e-01 3.991126095420205466e-02 -1.603116301593061066e-01 0.000000000000000000e+00
1.000000000000000000e+00 1.000000000000000000e+00 1.000000000000000000e+00 1.000000000000000000e+00 1.000000000000000000e+00 0.000000000000000000e+00 0.000000000000000000e+00 1.004998594726307592e+00 1.107050327968533532e+00 1.014700389007445969e+00 8.997080239306782801e-01 3.384085168146289124e-02 -1.454212584654821505e-01 0.000000000000000000e+00
1.000000000000000000e+00 1.000000000000000000e+00 1.000000000000000000e+00 1.000000000000000000e+00 1.000000000000000000e+00 0.000000000000000000e+00 0.000000000000000000e+00 9.996957743484229386e-01 1.004656873021640306e+00 1.006435714386024527e+00 8.444378903146041448e-01 2.297292755923729946e-02 -1.345688059348275623e-01 0.000000000000000000e+00
1.000000000000000000e+00 1.000000000000000000e+00 1.000000000000000000e+00 1.000000000000000000e+00 1.000000000000000000e+00 0.000000000000000000e+00 0.000000000000000000e+00 1.013122676417345547e+00 1.074879980701322291e+00 1.020848682484409409e+00 6.193540216747296379e-01 1.214645302632363366e-01 -2.190123866417335030e-01 0.000000000000000000e+00
1.000000000000000000e+00 1.000000000000000000e+00 1.000000000000000000e+00 1.000000000000000000e+00 1.000000000000000000e+00 0.000000000000000000e+00 0.000000000000000000e+00 1.002986367352124875e+00 1.064150047108169517e+00 1.011709202130048002e+00 6.847092528913032439e-01 6.443105016546990527e-02 -1.909198495523534156e-01 0.000000000000000000e+00
1.000000000000000000e+00 1.000000000000000000e+00 1.000000000000000000e+00 1.000000000000000000e+00 1.000000000000000000e+00 0.000000000000000000e+00 0.000000000000000000e+00 1.007280507988595364e+00 1.048525407186712721e+00 1.015144641469590381e+00 6.544572503327417134e-01 7.986715339615491072e-02 -1.973563493940254099e-01 0.000000000000000000e+00
1.000000000000000000e+00 1.000000000000000000e+00 1.000000000000000000e+00 1.000000000000000000e+00 1.000000000000000000e+00 0.000000000000000000e+00 0.000000000000000000e+00 1.007923344320295955e+00 1.052485579081383626e+00 1.016790995102887951e+00 6.675405297397287718e-01 8.107914325955234425e-02 -2.147606111199246159e-01 0.000000000000000000e+00
1.000000000000000000e+00 1.000000000000000000e+00 1.000000000000000000e+00 1.000000000000000000e+00 1.000000000000000000e+00 0.000000000000000000e+00 0.000000000000000000e+00 1.003249051151774207e+00 1.082261458632020945e+00 1.012549831653189569e+00 6.534060296468759965e-01 9.598475641823289717e-02 -2.221033073560452209e-01 0.000000000000000000e+00
1.000000000000000000e+00 1.000000000000000000e+00 1.000000000000000000e+00 1.000000000000000000e+00 1.000000000000000000e+00 0.000000000000000000e+00 0.000000000000000000e+00 1.007958826116119644e+00 1.155044951550926902e+00 1.016490899442272999e+00 5.722984481812808388e-01 2.450010005180613959e-01 -8.228878576094333930e-02 0.000000000000000000e+00
1.000000000000000000e+00 1.000000000000000000e+00 1.000000000000000000e+00 1.000000000000000000e+00 1.000000000000000000e+00 0.000000000000000000e+00 0.000000000000000000e+00 9.960902044894783813e-01 1.017332413627821230e+00 1.004425483838898403e+00 7.292017610665704197e-01 5.363838702798406910e-02 -1.764865253450347282e-01 0.000000000000000000e+00
1.000000000000000000e+00 1.000000000000000000e+00 1.000000000000000000e+00 1.000000000000000000e+00 1.000000000000000000e+00 0.000000000000000000e+00 0.000000000000000000e+00 1.007581351791834168e+00 1.049194151792472551e+00 1.012740531954645862e+00 9.202285553395707085e-01 -9.513134809604029130e-03 -6.807535520705376708e-02 0.000000000000000000e+00
1.000000000000000000e+00 1.000000000000000000e+00 1.000000000000000000e+00 1.000000000000000000e+00 1.000000000000000000e+00 0.000000000000000000e+00 0.000000000000000000e+00 9.927247170628300532e-01 9.683141320868640101e-01 9.999430685113710471e-01 9.377246850260563260e-01 -2.457951465056762430e-02 -3.247883772511783729e-02 0.000000000000000000e+00
1.000000000000000000e+00 1.000000000000000000e+00 1.000000000000000000e+00 1.000000000000000000e+00 1.000000000000000000e+00 0.000000000000000000e+00 0.000000000000000000e+00 9.962800749590872140e-01 1.029351792438083280e+00 1.006231103193698351e+00 6.948589037310130001e-01 4.379911652559709268e-02 -1.877395541291839720e-01 0.000000000000000000e+00
1.000000000000000000e+00 1.000000000000000000e+00 1.000000000000000000e+00 1.000000000000000000e+00 1.000000000000000000e+00 0.000000000000000000e+00 0.000000000000000000e+00 9.868628402646127951e-01 9.634353162900815004e-01 9.947937256184818944e-01 9.820363051126713705e-01 -2.394801364027077106e-02 -3.197089424509569344e-02 0.000000000000000000e+00
1.000000000000000000e+00 1.000000000000000000e+00 1.000000000000000000e+00 1.000000000000000000e+00 1.000000000000000000e+00 0.000000000000000000e+00 0.000000000000000000e+00 9.887899751848994168e-01 8.941498616902574526e-01 9.998350308754910820e-01 9.089045667900010894e-01 -4.802468781549051879e-02 3.647715495291303789e-03 0.000000000000000000e+00

