1908	1300.	0.	
1908	4.	0.	
1908	0.	0.	
1909	0.	0.	
1909	0.	0.	
1909	0.	0.	
1909	0.	0.	
1909	1300.	0.	
1909	1560.	0.	
1909	1978.	0.	
1909	1849.	0.	
1909	1546.	0.	
1909	1246.	0.	
1909	69.	0.	
1909	0.	0.	
1910	0.	0.	
1910	0.	0.	
1910	0.	0.	
1910	0.	0.	
1910	1300.	0.	
1910	1877.	0.	
1910	1934.	0.	
1910	2000.	0.	
1910	1900.	0.	
1910	1246.	0.	
1910	4.	0.	
1910	0.	0.	
1911	0.	0.	
1911	0.	0.	
1911	0.	0.	
1911	107.	0.	
1911	1433.	0.	
1911	1877.	0.	
1911	1934.	0.	
1911	2000.	0.	
1911	2000.	0.	
1911	1081.	0.	
1911	222.	0.	
1911	0.	0.	
1912	0.	0.	
1912	0.	0.	
1912	0.	0.	
1912	0.	0.	
1912	1433.	0.	
1912	1560.	0.	
1912	1978.	0.	
1912	1849.	0.	
1912	1546.	0.	
1912	1081.	0.	
1912	222.	0.	
1912	0.	0.	
1913	0.	0.	
1913	0.	0.	
1913	0.	0.	
1913	107.	0.	
1913	1433.	0.	
1913	1877.	0.	
1913	1934.	0.	
1913	2000.	0.	
1913	1900.	0.	
1913	1246.	0.	
1913	69.	0.	
1913	0.	0.	
1914	0.	0.	
1914	0.	0.	
1914	0.	0.	
1914	107.	0.	
1914	1433.	0.	
1914	1560.	0.	
1914	1978.	0.	
1914	1849.	0.	
1914	1900.	0.	
1914	1246.	0.	
1914	69.	0.	
1914	0.	0.	
1915	0.	0.	
1915	0.	0.	
1915	0.	0.	
1915	0.	0.	
1915	1100.	0.	
1915	1877.	0.	
1915	1934.	0.	
1915	2100.	0.	
1915	2000.	0.	
1915	1300.	0.	
1915	4.	0.	
1915	0.	0.	
1916	0.	0.	
1916	0.	0.	
1916	0.	0.	
1916	107.	0.	
1916	1300.	0.	
1916	1560.	0.	
1916	1978.	0.	
1916	1849.	0.	
1916	1546.	0.	
1916	1081.	0.	
1916	69.	0.	
1916	0.	0.	
1917	0.	0.	
1917	0.	0.	
1917	0.	0.	
1917	0.	0.	
1917	1300.	0.	
1917	1560.	0.	
1917	1978.	0.	
1917	1849.	0.	
1917	1546.	0.	
1917	1246.	0.	
1917	69.	0.	
1917	0.	0.	
1918	0.	0.	
1918	0.	0.	
1918	0.	0.	
1918	0.	0.	
1918	1433.	0.	
1918	1560.	0.	
1918	1934.	0.	
1918	2000.	0.	
1918	1546.	0.	
1918	1081.	0.	
1918	222.	0.	
1918	0.	0.	
1919	0.	0.	
1919	0.	0.	
1919	0.	0.	
1919	107.	0.	
1919	1433.	0.	
1919	1877.	0.	
1919	1934.	0.	
1919	2000.	0.	
1919	1900.	0.	
1919	1246.	0.	
1919	69.	0.	
1919	0.	0.	
1920	0.	0.	
1920	0.	0.	
1920	0.	0.	
1920	47.	0.	
1920	1433.	0.	
1920	1560.	0.	
1920	1978.	0.	
1920	1849.	0.	
1920	1900.	0.	
1920	1246.	0.	
1920	69.	0.	
1920	0.	0.	
1921	0.	0.	
1921	0.	0.	
1921	0.	0.	
1921	0.	0.	
1921	1300.	0.	
1921	1560.	0.	
1921	1978.	0.	
1921	1849.	0.	
1921	1546.	0.	
1921	1246.	0.	
1921	69.	0.	
1921	0.	0.	
1922	0.	0.	
1922	0.	0.	
1922	0.	0.	
1922	0.	0.	
1922	1433.	0.	
1922	1877.	0.	
1922	1934.	0.	
1922	2000.	0.	
1922	1900.	0.	
1922	1246.	0.	
1922	69.	0.	
1922	0.	0.	
1923	0.	0.	
1923	0.	0.	
1923	0.	0.	
1923	0.	0.	
1923	1433.	0.	
1923	1560.	0.	
1923	1978.	0.	
1923	1849.	0.	
1923	1546.	0.	
1923	1246.	0.	
1923	69.	0.	
1923	0.	0.	
1924	0.	0.	
1924	0.	0.	
1924	0.	0.	
1924	0.	0.	
1924	1300.	0.	
1924	1560.	0.	
1924	1934.	0.	
1924	2100.	0.	
1924	1900.	0.	
1924	1246.	0.	
1924	69.	0.	
1924	0.	0.	
1925	0.	0.	
1925	0.	0.	
1925	0.	0.	
1925	107.	0.	
1925	1300.	0.	
1925	1877.	0.	
1925	1934.	0.	
1925	1849.	0.	
1925	1546.	0.	
1925	1081.	0.	
1925	222.	0.	
1925	0.	0.	
1926	0.	0.	
1926	0.	0.	
1926	0.	0.	
1926	0.	0.	
1926	1300.	0.	
1926	1877.	0.	
1926	1934.	0.	
1926	2000.	0.	
1926	1900.	0.	
1926	1246.	0.	
1926	69.	0.	
1926	0.	0.	
1927	0.	0.	
1927	0.	0.	
1927	0.	0.	
1927	0.	0.	
1927	1433.	0.	
1927	1560.	0.	
1927	1934.	0.	
1927	1849.	0.	
1927	1546.	0.	
1927	1081.	0.	
1927	222.	0.	
1927	0.	0.	
1928	0.	0.	
1928	0.	0.	
1928	0.	0.	
1928	0.	0.	
1928	1433.	0.	
1928	1877.	0.	
1928	1934.	0.	
1928	2000.	0.	
1928	1900.	0.	
1928	1246.	0.	
1928	69.	0.	
1928	0.	0.	
1929	0.	0.	
1929	0.	0.	
1929	0.	0.	
1929	0.	0.	
1929	1433.	0.	
1929	1560.	0.	
1929	1934.	0.	
1929	1849.	0.	
1929	1546.	0.	
1929	1081.	0.	
1929	222.	0.	
1929	0.	0.	
1930	0.	0.	
1930	0.	0.	
1930	0.	0.	
1930	107.	0.	
1930	1300.	0.	
1930	1877.	0.	
1930	1934.	0.	
1930	1849.	0.	
1930	1900.	0.	
1930	1246.	0.	
1930	4.	0.	
1930	0.	0.	
1931	0.	0.	
1931	0.	0.	
1931	0.	0.	
1931	47.	0.	
1931	1100.	0.	
1931	2100.	0.	
1931	1986.	0.	
1931	2100.	0.	
1931	2000.	0.	
1931	1246.	0.	
1931	4.	0.	
1931	0.	0.	
1932	0.	0.	
1932	0.	0.	
1932	0.	0.	
1932	107.	0.	
1932	1433.	0.	
1932	1560.	0.	
1932	1978.	0.	
1932	1849.	0.	
1932	1900.	0.	
1932	1246.	0.	
1932	69.	0.	
1932	0.	0.	
1933	0.	0.	
1933	0.	0.	
1933	0.	0.	
1933	47.	0.	
1933	1300.	0.	
1933	1560.	0.	
1933	1934.	0.	
1933	2000.	0.	
1933	1900.	0.	
1933	1300.	0.	
1933	4.	0.	
1933	0.	0.	
1934	0.	0.	
1934	0.	0.	
1934	0.	0.	
1934	0.	0.	
1934	1300.	0.	
1934	2100.	0.	
1934	1986.	0.	
1934	2100.	145.	
1934	2000.	69.	
1934	1300.	0.	
1934	4.	0.	
1934	0.	0.	
1935	0.	0.	
1935	0.	0.	
1935	0.	0.	
1935	47.	0.	
1935	1100.	0.	
1935	1560.	0.	
1935	1934.	0.	
1935	2000.	0.	
1935	1900.	0.	
1935	1246.	0.	
1935	4.	0.	
1935	0.	0.	
1936	0.	0.	
1936	0.	0.	
1936	0.	0.	
1936	107.	0.	
1936	1433.	0.	
1936	1877.	0.	
1936	1934.	0.	
1936	2000.	0.	
1936	1900.	0.	
1936	1246.	0.	
1936	4.	0.	
1936	0.	0.	
1937	0.	0.	
1937	0.	0.	
1937	0.	0.	
1937	0.	0.	
1937	1433.	0.	
1937	1877.	0.	
1937	1934.	0.	
1937	2100.	0.	
1937	1900.	0.	
1937	1246.	0.	
1937	4.	0.	
1937	0.	0.	
1938	0.	0.	
1938	0.	0.	
1938	0.	0.	
1938	107.	0.	
1938	1433.	0.	
1938	1560.	0.	
1938	1978.	0.	
1938	2000.	0.	
1938	1546.	0.	
1938	1246.	0.	
1938	69.	0.	
1938	0.	0.	
1939	0.	0.	
1939	0.	0.	
1939	0.	0.	
1939	0.	0.	
1939	1433.	0.	
1939	1877.	0.	
1939	1986.	0.	
1939	2100.	0.	
1939	1900.	0.	
1939	1300.	0.	
1939	4.	0.	
1939	0.	0.	
1940	0.	0.	
1940	0.	0.	
1940	0.	0.	
1940	0.	0.	
1940	1300.	0.	
1940	2100.	0.	
1940	1986.	0.	
1940	2100.	0.	
1940	1900.	0.	
1940	1246.	0.	
1940	4.	0.	
1940	0.	0.	
1941	0.	0.	
1941	0.	0.	
1941	0.	0.	
1941	47.	0.	
1941	1433.	0.	
1941	1877.	0.	
1941	1934.	0.	
1941	2000.	0.	
1941	1900.	0.	
1941	1081.	0.	
1941	69.	0.	
1941	0.	0.	
1942	0.	0.	
1942	0.	0.	
1942	0.	0.	
1942	107.	0.	
1942	1300.	0.	
1942	1560.	0.	
1942	1934.	0.	
1942	2000.	0.	
1942	2000.	0.	
1942	1300.	0.	
1942	4.	0.	
1942	0.	0.	
1943	0.	0.	
1943	0.	0.	
1943	0.	0.	
1943	107.	0.	
1943	1300.	0.	
1943	1877.	0.	
1943	1934.	0.	
1943	1849.	0.	
1943	1900.	0.	
1943	1300.	0.	
1943	69.	0.	
1943	0.	0.	
1944	0.	0.	
1944	0.	0.	
1944	0.	0.	
1944	47.	0.	
1944	1300.	0.	
1944	1877.	0.	
1944	1934.	0.	
1944	2000.	0.	
1944	2000.	108.	
1944	1300.	0.	
1944	4.	0.	
1944	0.	0.	
1945	0.	0.	
1945	0.	0.	
1945	0.	0.	
1945	47.	0.	
1945	1300.	0.	
1945	1877.	0.	
1945	1978.	0.	
1945	1849.	0.	
1945	1900.	0.	
1945	1246.	0.	
1945	69.	0.	
1945	0.	0.	
1946	0.	0.	
1946	0.	0.	
1946	0.	0.	
1946	107.	0.	
1946	1100.	0.	
1946	1877.	0.	
1946	1934.	0.	
1946	2000.	0.	
1946	2000.	0.	
1946	1246.	0.	
1946	4.	0.	
1946	0.	0.	
1947	0.	0.	
1947	0.	0.	
1947	0.	0.	
1947	0.	0.	
1947	1433.	0.	
1947	1560.	0.	
1947	1978.	0.	
1947	1849.	0.	
1947	1546.	0.	
1947	1081.	0.	
1947	222.	0.	
1947	0.	0.	
1948	0.	0.	
1948	0.	0.	
1948	0.	0.	
1948	107.	0.	
1948	1433.	0.	
1948	1877.	0.	
1948	1934.	0.	
1948	2000.	0.	
1948	2000.	0.	
1948	1246.	0.	
1948	69.	0.	
1948	0.	0.	
1949	0.	0.	
1949	0.	0.	
1949	0.	0.	
1949	0.	0.	
1949	1300.	0.	
1949	1877.	0.	
1949	1978.	0.	
1949	2000.	0.	
1949	1900.	0.	
1949	1246.	0.	
1949	69.	0.	
1949	0.	0.	
1950	0.	0.	
1950	0.	0.	
1950	0.	0.	
1950	0.	0.	
1950	1003.	0.	
1950	2280.	0.	
1950	1934.	0.	
1950	2009.	0.	
1950	1848.	0.	
1950	3000.	1045.	
1950	69.	0.	
1950	0.	0.	
1951	0.	0.	
1951	0.	0.	
1951	0.	0.	
1951	0.	0.	
1951	1003.	0.	
1951	1877.	0.	
1951	1934.	0.	
1951	1924.	0.	
1951	1848.	0.	
1951	1246.	0.	
1951	0.	0.	
1951	0.	0.	
1952	0.	0.	
1952	0.	0.	
1952	0.	0.	
1952	0.	0.	
1952	1433.	0.	
1952	2280.	0.	
1952	1586.	0.	
1952	1278.	0.	
1952	2033.	0.	
1952	2300.	0.	
1952	69.	0.	
1952	0.	0.	
1953	0.	0.	
1953	0.	0.	
1953	0.	0.	
1953	47.	0.	
1953	1049.	0.	
1953	2140.	0.	
1953	1934.	0.	
1953	1924.	0.	
1953	2000.	0.	
1953	1233.	0.	
1953	69.	0.	
1953	0.	0.	
1954	0.	0.	
1954	0.	0.	
1954	0.	0.	
1954	47.	0.	
1954	1733.	0.	
1954	1800.	0.	
1954	1925.	0.	
1954	2009.	0.	
1954	2100.	0.	
1954	1300.	0.	
1954	4.	0.	
1954	0.	0.	
1955	0.	0.	
1955	0.	0.	
1955	0.	0.	
1955	0.	0.	
1955	1067.	0.	
1955	1788.	0.	
1955	1934.	0.	
1955	1980.	0.	
1955	1848.	0.	
1955	1233.	0.	
1955	4.	0.	
1955	0.	0.	
1956	0.	0.	
1956	0.	0.	
1956	0.	0.	
1956	0.	0.	
1956	1833.	0.	
1956	2120.	0.	
1956	1925.	0.	
1956	2009.	0.	
1956	1848.	0.	
1956	1233.	0.	
1956	4.	0.	
1956	0.	0.	
1957	0.	0.	
1957	0.	0.	
1957	0.	0.	
1957	0.	0.	
1957	1003.	0.	
1957	1760.	0.	
1957	1978.	0.	
1957	1880.	0.	
1957	1546.	0.	
1957	1246.	0.	
1957	69.	0.	
1957	0.	0.	
1958	0.	0.	
1958	0.	0.	
1958	0.	0.	
1958	47.	0.	
1958	1600.	0.	
1958	2020.	0.	
1958	1925.	0.	
1958	2020.	0.	
1958	1848.	0.	
1958	1233.	0.	
1958	69.	0.	
1958	0.	0.	
1959	0.	0.	
1959	0.	0.	
1959	0.	0.	
1959	47.	0.	
1959	1200.	0.	
1959	2020.	0.	
1959	1925.	0.	
1959	1924.	0.	
1959	1848.	0.	
1959	1246.	0.	
1959	69.	0.	
1959	0.	0.	
1960	0.	0.	
1960	0.	0.	
1960	0.	0.	
1960	107.	0.	
1960	1003.	0.	
1960	1877.	0.	
1960	1934.	0.	
1960	2009.	0.	
1960	1900.	8.	
1960	1233.	0.	
1960	0.	0.	
1960	0.	0.	
1961	0.	0.	
1961	0.	0.	
1961	0.	0.	
1961	0.	0.	
1961	1200.	0.	
1961	2220.	0.	
1961	1857.	0.	
1961	2300.	0.	
1961	1400.	0.	
1961	300.	0.	
1961	0.	0.	
1961	0.	0.	
1962	0.	0.	
1962	0.	0.	
1962	0.	0.	
1962	0.	0.	
1962	1933.	0.	
1962	2080.	0.	
1962	1968.	0.	
1962	2120.	0.	
1962	2100.	0.	
1962	2100.	145.	
1962	0.	0.	
1962	0.	0.	
1963	0.	0.	
1963	0.	0.	
1963	0.	0.	
1963	656.	0.	
1963	2533.	0.	
1963	2200.	0.	
1963	2300.	0.	
1963	2220.	0.	
1963	2500.	608.	
1963	3000.	1045.	
1963	0.	0.	
1963	0.	0.	
1964	0.	0.	
1964	0.	0.	
1964	0.	0.	
1964	0.	0.	
1964	1567.	0.	
1964	1566.	0.	
1964	2014.	0.	
1964	1866.	0.	
1964	2000.	108.	
1964	1600.	0.	
1964	0.	0.	
1964	0.	0.	
1965	0.	0.	
1965	0.	0.	
1965	0.	0.	
1965	0.	0.	
1965	1139.	0.	
1965	1482.	0.	
1965	1845.	0.	
1965	1845.	0.	
1965	1785.	0.	
1965	730.	0.	
1965	0.	0.	
1965	0.	0.	
1966	0.	0.	
1966	0.	0.	
1966	0.	0.	
1966	0.	0.	
1966	1433.	0.	
1966	1700.	0.	
1966	1871.	0.	
1966	1657.	0.	
1966	2800.	908.	
1966	527.	0.	
1966	0.	0.	
1966	0.	0.	
1967	0.	0.	
1967	0.	0.	
1967	0.	0.	
1967	0.	0.	
1967	1433.	0.	
1967	1580.	0.	
1967	2014.	0.	
1967	2260.	0.	
1967	2154.	0.	
1967	2226.	0.	
1967	36.	0.	
1967	0.	0.	
1968	0.	0.	
1968	0.	0.	
1968	0.	0.	
1968	0.	0.	
1968	1233.	0.	
1968	2340.	0.	
1968	2214.	0.	
1968	2301.	0.	
1968	2261.	0.	
1968	2321.	366.	
1968	0.	0.	
1968	0.	0.	
1969	0.	0.	
1969	0.	0.	
1969	0.	0.	
1969	800.	0.	
1969	2633.	63.	
1969	1734.	0.	
1969	2337.	0.	
1969	2940.	370.	
1969	2133.	0.	
1969	0.	0.	
1969	69.	0.	
1969	0.	0.	
1970	0.	0.	
1970	0.	0.	
1970	0.	0.	
1970	0.	0.	
1970	2400.	0.	
1970	1960.	0.	
1970	2029.	0.	
1970	2000.	0.	
1970	1546.	0.	
1970	1081.	0.	
1970	222.	0.	
1970	0.	0.	
1971	0.	0.	
1971	0.	0.	
1971	0.	0.	
1971	107.	0.	
1971	1003.	0.	
1971	2400.	0.	
1971	1934.	0.	
1971	2300.	0.	
1971	1867.	0.	
1971	1246.	0.	
1971	222.	0.	
1971	0.	0.	
1972	0.	0.	
1972	0.	0.	
1972	0.	0.	
1972	0.	0.	
1972	1933.	0.	
1972	1880.	0.	
1972	2271.	0.	
1972	2240.	0.	
1972	1689.	0.	
1972	1081.	0.	
1972	222.	0.	
1972	0.	0.	
1973	0.	0.	
1973	0.	0.	
1973	0.	0.	
1973	47.	0.	
1973	1167.	0.	
1973	1877.	0.	
1973	1978.	0.	
1973	2000.	0.	
1973	2267.	0.	
1973	1600.	0.	
1973	222.	0.	
1973	0.	0.	
1974	0.	0.	
1974	0.	0.	
1974	0.	0.	
1974	0.	0.	
1974	2300.	0.	
1974	1960.	0.	
1974	1934.	0.	
1974	1924.	0.	
1974	2267.	375.	
1974	1246.	0.	
1974	0.	0.	
1974	0.	0.	
1975	0.	0.	
1975	0.	0.	
1975	0.	0.	
1975	0.	0.	
1975	1269.	0.	
1975	2380.	0.	
1975	2460.	0.	
1975	2280.	0.	
1975	2380.	0.	
1975	1111.	0.	
1975	0.	0.	
1975	0.	0.	
1976	0.	0.	
1976	0.	0.	
1976	0.	0.	
1976	0.	0.	
1976	1745.	0.	
1976	2380.	0.	
1976	2460.	0.	
1976	1845.	0.	
1976	1785.	0.	
1976	1785.	0.	
1976	0.	0.	
1976	0.	0.	
1977	0.	0.	
1977	0.	0.	
1977	0.	0.	
1977	0.	0.	
1977	2152.	0.	
1977	2700.	213.	
1977	2081.	0.	
1977	2220.	265.	
1977	2633.	741.	
1977	1968.	13.	
1977	0.	0.	
1977	0.	0.	
1978	0.	0.	
1978	0.	0.	
1978	0.	0.	
1978	0.	0.	
1978	1527.	0.	
1978	2400.	0.	
1978	2152.	0.	
1978	2540.	0.	
1978	2600.	299.	
1978	2300.	345.	
1978	0.	0.	
1978	0.	0.	
1979	0.	0.	
1979	0.	0.	
1979	0.	0.	
1979	0.	0.	
1979	833.	0.	
1979	2083.	0.	
1979	2152.	0.	
1979	2152.	0.	
1979	3233.	1151.	
1979	2057.	102.	
1979	0.	0.	
1979	0.	0.	
1980	0.	0.	
1980	0.	0.	
1980	0.	0.	
1980	0.	0.	
1980	2460.	0.	
1980	2580.	93.	
1980	2460.	0.	
1980	2460.	0.	
1980	2300.	0.	
1980	1845.	0.	
1980	0.	0.	
1980	0.	0.	
1981	0.	0.	
1981	0.	0.	
1981	0.	0.	
1981	0.	0.	
1981	984.	0.	
1981	2280.	0.	
1981	1906.	0.	
1981	2520.	314.	
1981	2167.	27.	
1981	1000.	0.	
1981	0.	0.	
1981	0.	0.	
1982	0.	0.	
1982	0.	0.	
1982	0.	0.	
1982	0.	0.	
1982	984.	0.	
1982	1845.	0.	
1982	1906.	0.	
1982	2620.	50.	
1982	1833.	0.	
1982	0.	0.	
1982	0.	0.	
1982	0.	0.	
1983	0.	0.	
1983	0.	0.	
1983	0.	0.	
1983	0.	0.	
1983	33.	0.	
1983	1845.	0.	
1983	1906.	0.	
1983	2240.	0.	
1983	2833.	346.	
1983	1906.	0.	
1983	0.	0.	
1983	0.	0.	
1984	0.	0.	
1984	0.	0.	
1984	0.	0.	
1984	0.	0.	
1984	1533.	0.	
1984	1845.	0.	
1984	1906.	0.	
1984	1920.	0.	
1984	2600.	113.	
1984	1906.	0.	
1984	0.	0.	
1984	0.	0.	
1985	0.	0.	
1985	0.	0.	
1985	0.	0.	
1985	0.	0.	
1985	1353.	0.	
1985	2020.	0.	
1985	1843.	0.	
1985	2560.	0.	
1985	1231.	0.	
1985	585.	0.	
1985	0.	0.	
1985	0.	0.	
1986	0.	0.	
1986	0.	0.	
1986	0.	0.	
1986	1174.	0.	
1986	2275.	0.	
1986	2202.	0.	
1986	2275.	0.	
1986	2275.	0.	
1986	1897.	0.	
1986	1053.	0.	
1986	0.	0.	
1986	0.	0.	
1987	0.	0.	
1987	0.	0.	
1987	0.	0.	
1987	0.	0.	
1987	1500.	0.	
1987	2070.	0.	
1987	2380.	0.	
1987	2277.	0.	
1987	2500.	13.	
1987	2100.	145.	
1987	0.	0.	
1987	0.	0.	
1988	0.	0.	
1988	0.	0.	
1988	0.	0.	
1988	0.	0.	
1988	1235.	0.	
1988	1976.	0.	
1988	2328.	0.	
1988	2560.	372.	
1988	2060.	0.	
1988	2000.	45.	
1988	0.	0.	
1988	0.	0.	
1989	0.	0.	
1989	0.	0.	
1989	0.	0.	
1989	0.	0.	
1989	1900.	0.	
1989	2160.	0.	
1989	2400.	0.	
1989	2642.	72.	
1989	2105.	0.	
1989	1803.	0.	
1989	0.	0.	
1989	0.	0.	
1990	0.	0.	
1990	0.	0.	
1990	0.	0.	
1990	0.	0.	
1990	1472.	0.	
1990	2560.	73.	
1990	1808.	0.	
1990	2200.	0.	
1990	2367.	475.	
1990	1795.	0.	
1990	0.	0.	
1990	0.	0.	
1991	0.	0.	
1991	0.	0.	
1991	0.	0.	
1991	0.	0.	
1991	1433.	0.	
1991	2240.	0.	
1991	1929.	0.	
1991	1840.	0.	
1991	2800.	313.	
1991	1461.	0.	
1991	240.	0.	
1991	0.	0.	
1992	0.	0.	
1992	0.	0.	
1992	0.	0.	
1992	1100.	0.	
1992	1767.	0.	
1992	2100.	0.	
1992	1994.	0.	
1992	1833.	0.	
1992	1867.	0.	
1992	1600.	0.	
1992	0.	0.	
1992	0.	0.	
1993	0.	0.	
1993	0.	0.	
1993	0.	0.	
1993	0.	0.	
1993	1006.	0.	
1993	2321.	0.	
1993	1891.	0.	
1993	2134.	0.	
1993	1994.	0.	
1993	1241.	0.	
1993	524.	0.	
1993	0.	0.	
1994	0.	0.	
1994	0.	0.	
1994	0.	0.	
1994	0.	0.	
1994	1400.	0.	
1994	2200.	0.	
1994	2257.	0.	
1994	2500.	0.	
1994	1933.	0.	
1994	1493.	0.	
1994	747.	0.	
1994	0.	0.	
1995	0.	0.	
1995	0.	0.	
1995	0.	0.	
1995	0.	0.	
1995	457.	0.	
1995	1715.	0.	
1995	1789.	0.	
1995	2040.	0.	
1995	1536.	0.	
1995	1237.	0.	
1995	0.	0.	
1995	0.	0.	
1996	0.	0.	
1996	0.	0.	
1996	0.	0.	
1996	0.	0.	
1996	1700.	0.	
1996	1620.	0.	
1996	1614.	0.	
1996	2100.	0.	
1996	1470.	0.	
1996	1446.	0.	
1996	2243.	0.	
1996	0.	0.	
1997	0.	0.	
1997	0.	0.	
1997	0.	0.	
1997	0.	0.	
1997	1267.	0.	
1997	1940.	0.	
1997	2071.	0.	
1997	1672.	0.	
1997	1385.	0.	
1997	1289.	0.	
1997	56.	0.	
1997	0.	0.	
1998	0.	0.	
1998	0.	0.	
1998	0.	0.	
1998	0.	0.	
1998	1238.	0.	
1998	1726.	0.	
1998	1955.	0.	
1998	1955.	0.	
1998	2400.	0.	
1998	1931.	0.	
1998	731.	0.	
1998	0.	0.	
1999	0.	0.	
1999	0.	0.	
1999	0.	0.	
1999	0.	0.	
1999	1411.	0.	
1999	1740.	0.	
1999	1629.	0.	
1999	1428.	0.	
1999	1077.	0.	
1999	1312.	0.	
1999	603.	0.	
1999	0.	0.	
2000	0.	0.	
2000	0.	0.	
2000	0.	0.	
2000	0.	0.	
2000	2987.	417.	
2000	2844.	357.	
2000	2903.	333.	
2000	2370.	0.	
2000	2029.	0.	
2000	2900.	945.	
2000	0.	0.	
2000	0.	0.	
2001	0.	0.	
2001	0.	0.	
2001	0.	0.	
2001	0.	0.	
2001	1633.	0.	
2001	2220.	0.	
2001	2171.	0.	
2001	1340.	0.	
2001	1067.	0.	
2001	0.	0.	
2001	69.	0.	
2001	0.	0.	
2002	0.	0.	
2002	0.	0.	
2002	0.	0.	
2002	0.	0.	
2002	1233.	0.	
2002	2660.	173.	
2002	2614.	659.	
2002	2580.	625.	
2002	1848.	0.	
2002	1233.	0.	
2002	0.	0.	
2002	0.	0.	
2003	0.	0.	
2003	0.	0.	
2003	0.	0.	
2003	0.	0.	
2003	1228.	0.	
2003	2303.	0.	
2003	2386.	0.	
2003	2380.	0.	
2003	2303.	0.	
2003	2400.	445.	
2003	0.	0.	
2003	0.	0.	
2004	0.	0.	
2004	0.	0.	
2004	0.	0.	
2004	0.	0.	
2004	1467.	0.	
2004	2151.	0.	
2004	2448.	0.	
2004	2097.	0.	
2004	2210.	0.	
2004	1366.	0.	
2004	65.	0.	
2004	0.	0.	
2005	0.	0.	
2005	0.	0.	
2005	0.	0.	
2005	0.	0.	
2005	1200.	0.	
2005	2536.	49.	
2005	2286.	0.	
2005	2369.	0.	
2005	1730.	0.	
2005	1318.	0.	
2005	0.	0.	
2005	0.	0.	
2006	0.	0.	
2006	0.	0.	
2006	0.	0.	
2006	0.	0.	
2006	3133.	563.	
2006	2511.	24.	
2006	2044.	0.	
2006	1943.	0.	
2006	1813.	0.	
2006	1070.	0.	
2006	0.	0.	
2006	0.	0.	
2007	0.	0.	
2007	0.	0.	
2007	0.	0.	
2007	0.	0.	
2007	2100.	0.	
2007	2540.	53.	
2007	2600.	30.	
2007	2680.	110.	
2007	2233.	0.	
2007	1500.	0.	
2007	0.	0.	
2007	0.	0.	
2008	0.	0.	
2008	0.	0.	
2008	0.	0.	
2008	0.	0.	
2008	655.	0.	
2008	1785.	0.	
2008	1886.	0.	
2008	1940.	0.	
2008	1600.	0.	
2008	890.	0.	
2008	0.	0.	
2008	0.	0.	
2009	0.	0.	
2009	0.	0.	
2009	0.	0.	
2009	0.	0.	
2009	1500.	0.	
2009	1726.	0.	
2009	1783.	0.	
2009	1700.	0.	
2009	1726.	0.	
2009	1726.	0.	
2009	0.	0.	
2009	0.	0.	
2010	0.	0.	
2010	0.	0.	
2010	0.	0.	
2010	0.	0.	
2010	733.	0.	
2010	2060.	0.	
2010	2127.	0.	
2010	2356.	0.	
2010	2000.	0.	
2010	900.	0.	
2010	0.	0.	
2010	0.	0.	
2011	0.	0.	
2011	0.	0.	
2011	0.	0.	
2011	0.	0.	
2011	467.	0.	
2011	1840.	0.	
2011	1971.	0.	
2011	2140.	0.	
2011	1987.	0.	
2011	1518.	0.	
2011	0.	0.	
2011	0.	0.	
2012	0.	0.	
2012	0.	0.	
2012	0.	0.	
2012	0.	0.	
2012	1867.	0.	
2012	2380.	0.	
2012	2029.	0.	
2012	2100.	41.	
2012	1800.	0.	
2012	1525.	0.	
2012	0.	0.	
2012	0.	0.	
2013	0.	0.	
2013	0.	0.	
2013	0.	0.	
2013	0.	0.	
2013	967.	0.	
2013	2100.	0.	
2013	1983.	0.	
2013	2020.	0.	
2013	2200.	0.	
