1908	270.	252.	
1908	8.	0.	
1908	0.	0.	
1909	0.	0.	
1909	0.	0.	
1909	0.	0.	
1909	0.	0.	
1909	777.	0.	
1909	1191.	0.	
1909	1171.	0.	
1909	123.	0.	
1909	219.	0.	
1909	270.	0.	
1909	8.	0.	
1909	0.	0.	
1910	0.	0.	
1910	0.	0.	
1910	0.	0.	
1910	11.	0.	
1910	459.	0.	
1910	1179.	0.	
1910	1047.	0.	
1910	173.	0.	
1910	277.	0.	
1910	213.	0.	
1910	0.	0.	
1910	0.	0.	
1911	0.	0.	
1911	0.	0.	
1911	0.	0.	
1911	11.	0.	
1911	777.	0.	
1911	1191.	0.	
1911	1171.	0.	
1911	123.	0.	
1911	219.	0.	
1911	213.	0.	
1911	0.	0.	
1911	0.	0.	
1912	0.	0.	
1912	0.	0.	
1912	0.	0.	
1912	11.	0.	
1912	777.	0.	
1912	1191.	0.	
1912	1171.	0.	
1912	123.	0.	
1912	219.	0.	
1912	270.	0.	
1912	8.	0.	
1912	0.	0.	
1913	0.	0.	
1913	0.	0.	
1913	0.	0.	
1913	11.	0.	
1913	459.	0.	
1913	1179.	0.	
1913	1047.	0.	
1913	173.	0.	
1913	277.	0.	
1913	213.	0.	
1913	0.	0.	
1913	0.	0.	
1914	0.	0.	
1914	0.	0.	
1914	0.	0.	
1914	0.	0.	
1914	777.	0.	
1914	1191.	0.	
1914	1171.	0.	
1914	123.	0.	
1914	219.	0.	
1914	213.	0.	
1914	0.	0.	
1914	0.	0.	
1915	0.	0.	
1915	0.	0.	
1915	0.	0.	
1915	0.	0.	
1915	459.	0.	
1915	1191.	0.	
1915	1171.	0.	
1915	123.	0.	
1915	219.	0.	
1915	213.	0.	
1915	0.	0.	
1915	0.	0.	
1916	0.	0.	
1916	0.	0.	
1916	0.	0.	
1916	0.	0.	
1916	777.	0.	
1916	1191.	0.	
1916	1171.	0.	
1916	123.	0.	
1916	219.	0.	
1916	213.	0.	
1916	0.	0.	
1916	0.	0.	
1917	0.	0.	
1917	0.	0.	
1917	0.	0.	
1917	0.	0.	
1917	459.	0.	
1917	1191.	0.	
1917	1171.	0.	
1917	123.	0.	
1917	219.	0.	
1917	270.	0.	
1917	0.	0.	
1917	0.	0.	
1918	0.	0.	
1918	0.	0.	
1918	0.	0.	
1918	11.	0.	
1918	777.	0.	
1918	1191.	0.	
1918	1171.	0.	
1918	123.	0.	
1918	219.	0.	
1918	213.	0.	
1918	0.	0.	
1918	0.	0.	
1919	0.	0.	
1919	0.	0.	
1919	0.	0.	
1919	0.	0.	
1919	777.	0.	
1919	1179.	0.	
1919	1047.	0.	
1919	123.	0.	
1919	219.	0.	
1919	270.	0.	
1919	8.	0.	
1919	0.	0.	
1920	0.	0.	
1920	0.	0.	
1920	0.	0.	
1920	0.	0.	
1920	777.	0.	
1920	1191.	0.	
1920	1171.	0.	
1920	123.	0.	
1920	219.	0.	
1920	213.	0.	
1920	0.	0.	
1920	0.	0.	
1921	0.	0.	
1921	0.	0.	
1921	0.	0.	
1921	11.	0.	
1921	777.	0.	
1921	1191.	0.	
1921	1171.	0.	
1921	123.	0.	
1921	219.	0.	
1921	213.	0.	
1921	8.	0.	
1921	0.	0.	
1922	0.	0.	
1922	0.	0.	
1922	0.	0.	
1922	11.	0.	
1922	777.	0.	
1922	1179.	0.	
1922	1047.	0.	
1922	123.	0.	
1922	277.	0.	
1922	270.	0.	
1922	8.	0.	
1922	0.	0.	
1923	0.	0.	
1923	0.	0.	
1923	0.	0.	
1923	11.	0.	
1923	777.	0.	
1923	1191.	0.	
1923	1171.	0.	
1923	123.	0.	
1923	219.	0.	
1923	213.	0.	
1923	8.	0.	
1923	0.	0.	
1924	0.	0.	
1924	0.	0.	
1924	0.	0.	
1924	11.	0.	
1924	777.	0.	
1924	1191.	0.	
1924	1171.	0.	
1924	173.	0.	
1924	277.	0.	
1924	270.	0.	
1924	8.	0.	
1924	0.	0.	
1925	0.	0.	
1925	0.	0.	
1925	0.	0.	
1925	11.	0.	
1925	459.	0.	
1925	1179.	0.	
1925	1047.	0.	
1925	173.	0.	
1925	277.	0.	
1925	213.	0.	
1925	0.	0.	
1925	0.	0.	
1926	0.	0.	
1926	0.	0.	
1926	0.	0.	
1926	0.	0.	
1926	777.	0.	
1926	1191.	0.	
1926	1171.	0.	
1926	123.	0.	
1926	219.	0.	
1926	213.	0.	
1926	0.	0.	
1926	0.	0.	
1927	0.	0.	
1927	0.	0.	
1927	0.	0.	
1927	0.	0.	
1927	777.	0.	
1927	1191.	0.	
1927	1171.	0.	
1927	123.	0.	
1927	219.	0.	
1927	213.	0.	
1927	0.	0.	
1927	0.	0.	
1928	0.	0.	
1928	0.	0.	
1928	0.	0.	
1928	11.	0.	
1928	777.	0.	
1928	1191.	0.	
1928	1171.	0.	
1928	123.	0.	
1928	277.	0.	
1928	270.	0.	
1928	8.	0.	
1928	0.	0.	
1929	0.	0.	
1929	0.	0.	
1929	0.	0.	
1929	11.	0.	
1929	459.	0.	
1929	1179.	0.	
1929	1047.	0.	
1929	173.	0.	
1929	277.	0.	
1929	213.	0.	
1929	0.	0.	
1929	0.	0.	
1930	0.	0.	
1930	0.	0.	
1930	0.	0.	
1930	0.	0.	
1930	459.	0.	
1930	1179.	0.	
1930	1047.	0.	
1930	123.	0.	
1930	219.	0.	
1930	213.	0.	
1930	0.	0.	
1930	0.	0.	
1931	0.	0.	
1931	0.	0.	
1931	0.	0.	
1931	11.	0.	
1931	459.	0.	
1931	1179.	0.	
1931	1047.	0.	
1931	123.	0.	
1931	219.	0.	
1931	213.	0.	
1931	0.	0.	
1931	0.	0.	
1932	0.	0.	
1932	0.	0.	
1932	0.	0.	
1932	0.	0.	
1932	777.	0.	
1932	1191.	0.	
1932	1171.	0.	
1932	123.	0.	
1932	277.	0.	
1932	270.	0.	
1932	0.	0.	
1932	0.	0.	
1933	0.	0.	
1933	0.	0.	
1933	0.	0.	
1933	11.	0.	
1933	459.	0.	
1933	1191.	0.	
1933	1171.	0.	
1933	173.	0.	
1933	219.	0.	
1933	213.	0.	
1933	8.	0.	
1933	0.	0.	
1934	0.	0.	
1934	0.	0.	
1934	0.	0.	
1934	0.	0.	
1934	777.	0.	
1934	1179.	0.	
1934	1093.	0.	
1934	173.	0.	
1934	277.	0.	
1934	270.	0.	
1934	8.	8.	
1934	0.	0.	
1935	0.	0.	
1935	0.	0.	
1935	0.	0.	
1935	11.	0.	
1935	459.	0.	
1935	1191.	0.	
1935	1171.	0.	
1935	123.	0.	
1935	219.	0.	
1935	270.	0.	
1935	8.	0.	
1935	0.	0.	
1936	0.	0.	
1936	0.	0.	
1936	0.	0.	
1936	0.	0.	
1936	777.	0.	
1936	1191.	0.	
1936	1047.	0.	
1936	123.	0.	
1936	219.	0.	
1936	213.	0.	
1936	0.	0.	
1936	0.	0.	
1937	0.	0.	
1937	0.	0.	
1937	0.	0.	
1937	11.	0.	
1937	459.	0.	
1937	1179.	0.	
1937	1047.	0.	
1937	173.	0.	
1937	219.	0.	
1937	213.	0.	
1937	0.	0.	
1937	0.	0.	
1938	0.	0.	
1938	0.	0.	
1938	0.	0.	
1938	0.	0.	
1938	777.	0.	
1938	1191.	0.	
1938	1171.	0.	
1938	123.	0.	
1938	219.	0.	
1938	213.	0.	
1938	0.	0.	
1938	0.	0.	
1939	0.	0.	
1939	0.	0.	
1939	0.	0.	
1939	0.	0.	
1939	777.	0.	
1939	1179.	0.	
1939	1047.	0.	
1939	173.	0.	
1939	277.	0.	
1939	270.	0.	
1939	8.	0.	
1939	0.	0.	
1940	0.	0.	
1940	0.	0.	
1940	0.	0.	
1940	11.	0.	
1940	459.	0.	
1940	1179.	0.	
1940	1047.	0.	
1940	173.	0.	
1940	219.	0.	
1940	213.	0.	
1940	8.	0.	
1940	0.	0.	
1941	0.	0.	
1941	0.	0.	
1941	0.	0.	
1941	11.	0.	
1941	777.	0.	
1941	1179.	0.	
1941	1047.	0.	
1941	173.	0.	
1941	277.	0.	
1941	213.	0.	
1941	0.	0.	
1941	0.	0.	
1942	0.	0.	
1942	0.	0.	
1942	0.	0.	
1942	0.	0.	
1942	459.	0.	
1942	1191.	0.	
1942	1047.	0.	
1942	173.	0.	
1942	277.	0.	
1942	270.	0.	
1942	8.	0.	
1942	0.	0.	
1943	0.	0.	
1943	0.	0.	
1943	0.	0.	
1943	0.	0.	
1943	459.	0.	
1943	1179.	0.	
1943	1047.	0.	
1943	173.	0.	
1943	277.	0.	
1943	270.	0.	
1943	8.	0.	
1943	0.	0.	
1944	0.	0.	
1944	0.	0.	
1944	0.	0.	
1944	11.	0.	
1944	459.	0.	
1944	1191.	0.	
1944	1047.	0.	
1944	173.	0.	
1944	277.	0.	
1944	270.	0.	
1944	8.	8.	
1944	0.	0.	
1945	0.	0.	
1945	0.	0.	
1945	0.	0.	
1945	11.	0.	
1945	459.	0.	
1945	1179.	0.	
1945	1171.	0.	
1945	123.	0.	
1945	277.	0.	
1945	213.	0.	
1945	0.	0.	
1945	0.	0.	
1946	0.	0.	
1946	0.	0.	
1946	0.	0.	
1946	0.	0.	
1946	459.	0.	
1946	1179.	0.	
1946	1047.	0.	
1946	173.	0.	
1946	277.	0.	
1946	270.	0.	
1946	0.	0.	
1946	0.	0.	
1947	0.	0.	
1947	0.	0.	
1947	0.	0.	
1947	11.	0.	
1947	777.	0.	
1947	1191.	0.	
1947	1171.	0.	
1947	123.	0.	
1947	219.	0.	
1947	213.	0.	
1947	0.	0.	
1947	0.	0.	
1948	0.	0.	
1948	0.	0.	
1948	0.	0.	
1948	0.	0.	
1948	777.	0.	
1948	1179.	0.	
1948	1047.	0.	
1948	173.	0.	
1948	277.	0.	
1948	270.	0.	
1948	8.	0.	
1948	0.	0.	
1949	0.	0.	
1949	0.	0.	
1949	0.	0.	
1949	0.	0.	
1949	777.	0.	
1949	1191.	0.	
1949	1171.	0.	
1949	173.	0.	
1949	277.	0.	
1949	270.	0.	
1949	8.	0.	
1949	0.	0.	
1950	0.	0.	
1950	0.	0.	
1950	0.	0.	
1950	0.	0.	
1950	423.	0.	
1950	1279.	0.	
1950	1093.	0.	
1950	157.	0.	
1950	277.	0.	
1950	588.	0.	
1950	8.	0.	
1950	0.	0.	
1951	0.	0.	
1951	0.	0.	
1951	0.	0.	
1951	0.	0.	
1951	482.	0.	
1951	1168.	0.	
1951	1100.	0.	
1951	173.	0.	
1951	277.	0.	
1951	270.	0.	
1951	8.	0.	
1951	0.	0.	
1952	0.	0.	
1952	0.	0.	
1952	0.	0.	
1952	0.	0.	
1952	777.	0.	
1952	1193.	0.	
1952	1030.	0.	
1952	173.	0.	
1952	288.	0.	
1952	413.	308.	
1952	8.	0.	
1952	0.	0.	
1953	0.	0.	
1953	0.	0.	
1953	0.	0.	
1953	38.	0.	
1953	350.	0.	
1953	1250.	0.	
1953	1030.	0.	
1953	173.	0.	
1953	277.	0.	
1953	288.	0.	
1953	8.	0.	
1953	0.	0.	
1954	0.	0.	
1954	0.	0.	
1954	0.	0.	
1954	39.	0.	
1954	596.	0.	
1954	1264.	0.	
1954	1093.	0.	
1954	147.	0.	
1954	200.	0.	
1954	271.	0.	
1954	25.	0.	
1954	0.	0.	
1955	0.	0.	
1955	0.	0.	
1955	0.	0.	
1955	0.	0.	
1955	596.	0.	
1955	1240.	0.	
1955	1093.	0.	
1955	173.	0.	
1955	231.	0.	
1955	271.	0.	
1955	8.	0.	
1955	0.	0.	
1956	0.	0.	
1956	0.	0.	
1956	0.	0.	
1956	0.	0.	
1956	536.	0.	
1956	1350.	0.	
1956	1093.	0.	
1956	173.	0.	
1956	250.	0.	
1956	300.	0.	
1956	25.	0.	
1956	0.	0.	
1957	0.	0.	
1957	0.	0.	
1957	0.	0.	
1957	0.	0.	
1957	350.	0.	
1957	1168.	0.	
1957	1030.	0.	
1957	173.	0.	
1957	277.	0.	
1957	270.	0.	
1957	8.	0.	
1957	0.	0.	
1958	0.	0.	
1958	0.	0.	
1958	0.	0.	
1958	0.	0.	
1958	527.	0.	
1958	1286.	0.	
1958	1093.	0.	
1958	143.	0.	
1958	241.	0.	
1958	271.	112.	
1958	8.	0.	
1958	0.	0.	
1959	0.	0.	
1959	0.	0.	
1959	0.	0.	
1959	0.	0.	
1959	445.	0.	
1959	1214.	0.	
1959	1093.	0.	
1959	173.	0.	
1959	173.	0.	
1959	270.	0.	
1959	8.	0.	
1959	0.	0.	
1960	0.	0.	
1960	0.	0.	
1960	0.	0.	
1960	0.	0.	
1960	432.	0.	
1960	1250.	0.	
1960	1093.	0.	
1960	153.	0.	
1960	244.	0.	
1960	271.	0.	
1960	8.	0.	
1960	0.	0.	
1961	0.	0.	
1961	0.	0.	
1961	0.	0.	
1961	38.	0.	
1961	596.	0.	
1961	1257.	0.	
1961	1093.	0.	
1961	142.	0.	
1961	277.	0.	
1961	0.	0.	
1961	0.	0.	
1961	0.	0.	
1962	0.	0.	
1962	0.	0.	
1962	0.	0.	
1962	0.	0.	
1962	509.	0.	
1962	1168.	0.	
1962	1053.	0.	
1962	173.	0.	
1962	277.	0.	
1962	313.	0.	
1962	25.	0.	
1962	0.	0.	
1963	0.	0.	
1963	0.	0.	
1963	0.	0.	
1963	38.	0.	
1963	596.	0.	
1963	1240.	0.	
1963	1160.	0.	
1963	123.	0.	
1963	244.	0.	
1963	550.	0.	
1963	25.	0.	
1963	0.	0.	
1964	0.	0.	
1964	0.	0.	
1964	0.	0.	
1964	38.	0.	
1964	514.	0.	
1964	1240.	0.	
1964	1120.	0.	
1964	122.	0.	
1964	247.	0.	
1964	300.	0.	
1964	25.	0.	
1964	0.	0.	
1965	0.	0.	
1965	0.	0.	
1965	0.	0.	
1965	0.	0.	
1965	441.	0.	
1965	1168.	0.	
1965	1030.	0.	
1965	173.	0.	
1965	277.	0.	
1965	425.	0.	
1965	8.	0.	
1965	0.	0.	
1966	0.	0.	
1966	0.	0.	
1966	0.	0.	
1966	38.	0.	
1966	596.	0.	
1966	1286.	0.	
1966	1127.	0.	
1966	150.	0.	
1966	234.	0.	
1966	271.	0.	
1966	25.	0.	
1966	0.	0.	
1967	0.	0.	
1967	0.	0.	
1967	0.	0.	
1967	0.	0.	
1967	596.	0.	
1967	1168.	0.	
1967	1060.	0.	
1967	123.	0.	
1967	197.	0.	
1967	288.	0.	
1967	25.	0.	
1967	0.	0.	
1968	0.	0.	
1968	0.	0.	
1968	0.	0.	
1968	38.	0.	
1968	596.	0.	
1968	1336.	0.	
1968	1107.	0.	
1968	173.	0.	
1968	256.	0.	
1968	271.	0.	
1968	25.	0.	
1968	0.	0.	
1969	0.	0.	
1969	0.	0.	
1969	0.	0.	
1969	43.	0.	
1969	559.	0.	
1969	1168.	0.	
1969	1133.	0.	
1969	157.	0.	
1969	277.	0.	
1969	270.	0.	
1969	25.	0.	
1969	0.	0.	
1970	0.	0.	
1970	0.	0.	
1970	0.	0.	
1970	0.	0.	
1970	491.	0.	
1970	1168.	0.	
1970	1147.	0.	
1970	140.	0.	
1970	277.	0.	
1970	270.	0.	
1970	8.	0.	
1970	0.	0.	
1971	0.	0.	
1971	0.	0.	
1971	0.	0.	
1971	0.	0.	
1971	409.	0.	
1971	1336.	0.	
1971	1067.	0.	
1971	173.	0.	
1971	277.	0.	
1971	270.	0.	
1971	25.	0.	
1971	0.	0.	
1972	0.	0.	
1972	0.	0.	
1972	0.	0.	
1972	0.	0.	
1972	596.	0.	
1972	1171.	0.	
1972	1093.	0.	
1972	173.	0.	
1972	277.	0.	
1972	270.	0.	
1972	8.	0.	
1972	0.	0.	
1973	0.	0.	
1973	0.	0.	
1973	0.	0.	
1973	38.	0.	
1973	350.	0.	
1973	1168.	0.	
1973	1171.	0.	
1973	173.	0.	
1973	277.	0.	
1973	313.	0.	
1973	8.	0.	
1973	0.	0.	
1974	0.	0.	
1974	0.	0.	
1974	0.	0.	
1974	0.	0.	
1974	573.	0.	
1974	1171.	0.	
1974	1030.	0.	
1974	173.	0.	
1974	238.	0.	
1974	300.	0.	
1974	0.	0.	
1974	0.	0.	
1975	0.	0.	
1975	0.	0.	
1975	0.	0.	
1975	0.	0.	
1975	323.	0.	
1975	1157.	0.	
1975	1230.	0.	
1975	148.	0.	
1975	269.	0.	
1975	100.	0.	
1975	0.	0.	
1975	0.	0.	
1976	0.	0.	
1976	0.	0.	
1976	0.	0.	
1976	7.	0.	
1976	459.	0.	
1976	1179.	0.	
1976	1168.	0.	
1976	142.	0.	
1976	181.	0.	
1976	138.	0.	
1976	0.	0.	
1976	0.	0.	
1977	0.	0.	
1977	0.	0.	
1977	0.	0.	
1977	30.	0.	
1977	889.	0.	
1977	1436.	0.	
1977	1087.	0.	
1977	108.	0.	
1977	247.	0.	
1977	225.	0.	
1977	0.	0.	
1977	0.	0.	
1978	0.	0.	
1978	0.	0.	
1978	0.	0.	
1978	0.	0.	
1978	922.	0.	
1978	1250.	0.	
1978	1147.	0.	
1978	155.	0.	
1978	403.	0.	
1978	417.	0.	
1978	0.	0.	
1978	0.	0.	
1979	0.	0.	
1979	0.	0.	
1979	0.	0.	
1979	0.	0.	
1979	373.	0.	
1979	1157.	0.	
1979	1140.	0.	
1979	127.	0.	
1979	303.	0.	
1979	400.	0.	
1979	0.	0.	
1979	0.	0.	
1980	0.	0.	
1980	0.	0.	
1980	0.	0.	
1980	0.	0.	
1980	432.	0.	
1980	1407.	0.	
1980	1168.	0.	
1980	142.	0.	
1980	228.	0.	
1980	238.	0.	
1980	0.	0.	
1980	0.	0.	
1981	0.	0.	
1981	0.	0.	
1981	0.	0.	
1981	150.	0.	
1981	1162.	0.	
1981	1336.	0.	
1981	987.	0.	
1981	135.	0.	
1981	272.	0.	
1981	595.	0.	
1981	0.	0.	
1981	0.	0.	
1982	0.	0.	
1982	0.	0.	
1982	0.	0.	
1982	0.	0.	
1982	382.	0.	
1982	1193.	0.	
1982	1073.	0.	
1982	152.	0.	
1982	169.	0.	
1982	150.	0.	
1982	25.	0.	
1982	0.	0.	
1983	0.	0.	
1983	0.	0.	
1983	0.	0.	
1983	38.	0.	
1983	350.	0.	
1983	1168.	0.	
1983	1171.	0.	
1983	125.	0.	
1983	277.	0.	
1983	350.	0.	
1983	0.	0.	
1983	0.	0.	
1984	0.	0.	
1984	0.	0.	
1984	0.	0.	
1984	0.	0.	
1984	1553.	0.	
1984	1726.	0.	
1984	1783.	0.	
1984	1783.	0.	
1984	1726.	0.	
1984	1333.	0.	
1984	0.	0.	
1984	0.	0.	
1985	0.	0.	
1985	0.	0.	
1985	0.	0.	
1985	34.	0.	
1985	541.	0.	
1985	1514.	0.	
1985	1534.	0.	
1985	828.	0.	
1985	714.	0.	
1985	500.	0.	
1985	0.	0.	
1985	0.	0.	
1986	0.	0.	
1986	0.	0.	
1986	0.	0.	
1986	0.	0.	
1986	865.	0.	
1986	1379.	0.	
1986	1214.	0.	
1986	135.	0.	
1986	200.	0.	
1986	268.	0.	
1986	0.	0.	
1986	0.	0.	
1987	0.	0.	
1987	0.	0.	
1987	0.	0.	
1987	16.	0.	
1987	690.	0.	
1987	1547.	0.	
1987	1547.	0.	
1987	138.	0.	
1987	371.	0.	
1987	369.	0.	
1987	283.	0.	
1987	0.	0.	
1988	0.	0.	
1988	0.	0.	
1988	0.	0.	
1988	7.	0.	
1988	652.	0.	
1988	1394.	0.	
1988	1220.	0.	
1988	160.	0.	
1988	388.	0.	
1988	503.	0.	
1988	0.	0.	
1988	0.	0.	
1989	0.	0.	
1989	0.	0.	
1989	0.	0.	
1989	45.	0.	
1989	555.	0.	
1989	1186.	0.	
1989	1080.	0.	
1989	145.	0.	
1989	301.	0.	
1989	263.	0.	
1989	67.	0.	
1989	0.	0.	
1990	0.	0.	
1990	0.	0.	
1990	0.	0.	
1990	7.	0.	
1990	819.	0.	
1990	1400.	0.	
1990	1007.	0.	
1990	165.	0.	
1990	228.	0.	
1990	263.	0.	
1990	28.	0.	
1990	0.	0.	
1991	0.	0.	
1991	0.	0.	
1991	0.	0.	
1991	0.	0.	
1991	495.	0.	
1991	1336.	0.	
1991	1139.	0.	
1991	125.	0.	
1991	319.	0.	
1991	509.	0.	
1991	0.	0.	
1991	0.	0.	
1992	0.	0.	
1992	0.	0.	
1992	0.	0.	
1992	48.	0.	
1992	1102.	0.	
1992	1236.	0.	
1992	1040.	0.	
1992	138.	0.	
1992	483.	0.	
1992	714.	0.	
1992	0.	0.	
1992	0.	0.	
1993	0.	0.	
1993	0.	0.	
1993	0.	0.	
1993	0.	0.	
1993	445.	0.	
1993	1299.	0.	
1993	1087.	0.	
1993	360.	0.	
1993	150.	0.	
1993	100.	0.	
1993	0.	0.	
1993	0.	0.	
1994	0.	0.	
1994	0.	0.	
1994	0.	0.	
1994	27.	0.	
1994	632.	0.	
1994	1300.	0.	
1994	1207.	0.	
1994	130.	0.	
1994	547.	0.	
1994	405.	0.	
1994	0.	0.	
1994	0.	0.	
1995	0.	0.	
1995	0.	0.	
1995	0.	0.	
1995	0.	0.	
1995	241.	0.	
1995	1029.	0.	
1995	953.	0.	
1995	175.	0.	
1995	371.	0.	
1995	595.	0.	
1995	0.	0.	
1995	0.	0.	
1996	0.	0.	
1996	0.	0.	
1996	0.	0.	
1996	7.	0.	
1996	582.	0.	
1996	1326.	0.	
1996	1390.	0.	
1996	168.	0.	
1996	178.	0.	
1996	188.	0.	
1996	0.	0.	
1996	0.	0.	
1997	0.	0.	
1997	0.	0.	
1997	0.	0.	
1997	0.	0.	
1997	395.	0.	
1997	1307.	0.	
1997	1033.	0.	
1997	100.	0.	
1997	178.	0.	
1997	257.	0.	
1997	139.	0.	
1997	0.	0.	
1998	0.	0.	
1998	0.	0.	
1998	0.	0.	
1998	0.	0.	
1998	577.	0.	
1998	1345.	0.	
1998	1300.	0.	
1998	143.	0.	
1998	307.	0.	
1998	899.	0.	
1998	0.	0.	
1998	0.	0.	
1999	0.	0.	
1999	0.	0.	
1999	0.	0.	
1999	0.	0.	
1999	423.	0.	
1999	1186.	0.	
1999	1269.	0.	
1999	152.	0.	
1999	231.	0.	
1999	225.	0.	
1999	0.	0.	
1999	0.	0.	
2000	0.	0.	
2000	0.	0.	
2000	0.	0.	
2000	34.	0.	
2000	564.	0.	
2000	1404.	0.	
2000	1217.	0.	
2000	152.	0.	
2000	213.	0.	
2000	413.	0.	
2000	0.	0.	
2000	0.	0.	
2001	0.	0.	
2001	0.	0.	
2001	0.	0.	
2001	45.	0.	
2001	620.	0.	
2001	1364.	0.	
2001	1148.	0.	
2001	148.	0.	
2001	286.	0.	
2001	413.	0.	
2001	0.	0.	
2001	0.	0.	
2002	0.	0.	
2002	0.	0.	
2002	0.	0.	
2002	61.	0.	
2002	562.	0.	
2002	1514.	0.	
2002	1404.	0.	
2002	157.	0.	
2002	203.	138.	
2002	143.	132.	
2002	25.	0.	
2002	0.	0.	
2003	0.	0.	
2003	0.	0.	
2003	0.	0.	
2003	38.	0.	
2003	541.	0.	
2003	1240.	0.	
2003	1140.	0.	
2003	173.	0.	
2003	277.	0.	
2003	588.	0.	
2003	0.	0.	
2003	0.	0.	
2004	0.	0.	
2004	0.	0.	
2004	0.	0.	
2004	452.	0.	
2004	1009.	0.	
2004	1345.	0.	
2004	987.	0.	
2004	127.	0.	
2004	156.	0.	
2004	313.	0.	
2004	0.	0.	
2004	0.	0.	
2005	0.	0.	
2005	0.	0.	
2005	0.	0.	
2005	25.	0.	
2005	573.	0.	
2005	1357.	0.	
2005	1140.	0.	
2005	128.	0.	
2005	203.	0.	
2005	300.	0.	
2005	0.	0.	
2005	0.	0.	
2006	0.	0.	
2006	0.	0.	
2006	0.	0.	
2006	52.	0.	
2006	550.	0.	
2006	1400.	0.	
2006	1027.	0.	
2006	157.	0.	
2006	191.	0.	
2006	63.	0.	
2006	0.	0.	
2006	0.	0.	
2007	0.	0.	
2007	0.	0.	
2007	0.	0.	
2007	39.	0.	
2007	541.	0.	
2007	1386.	0.	
2007	1468.	0.	
2007	138.	0.	
2007	181.	0.	
2007	313.	0.	
2007	0.	0.	
2007	0.	0.	
2008	0.	0.	
2008	0.	0.	
2008	0.	0.	
2008	0.	0.	
2008	359.	0.	
2008	1314.	0.	
2008	1243.	0.	
2008	132.	0.	
2008	197.	0.	
2008	300.	0.	
2008	0.	0.	
2008	0.	0.	
2009	0.	0.	
2009	0.	0.	
2009	0.	0.	
2009	7.	0.	
2009	536.	0.	
2009	1009.	0.	
2009	1075.	0.	
2009	157.	0.	
2009	357.	0.	
2009	150.	0.	
2009	0.	0.	
2009	0.	0.	
2010	0.	0.	
2010	0.	0.	
2010	0.	0.	
2010	0.	0.	
2010	368.	0.	
2010	1330.	0.	
2010	1300.	0.	
2010	147.	0.	
2010	396.	0.	
2010	307.	0.	
2010	0.	0.	
2010	0.	0.	
2011	0.	0.	
2011	0.	0.	
2011	0.	0.	
2011	0.	0.	
2011	336.	0.	
2011	1250.	0.	
2011	947.	0.	
2011	143.	0.	
2011	209.	0.	
2011	188.	0.	
2011	0.	0.	
2011	0.	0.	
2012	0.	0.	
2012	0.	0.	
2012	0.	0.	
2012	64.	0.	
2012	954.	0.	
2012	1529.	0.	
2012	887.	0.	
2012	173.	0.	
2012	309.	0.	
2012	571.	0.	
2012	0.	0.	
2012	0.	0.	
2013	0.	0.	
2013	0.	0.	
2013	0.	0.	
2013	0.	0.	
2013	432.	0.	
2013	1464.	0.	
2013	1104.	0.	
2013	153.	0.	
2013	141.	0.	
