1908	55.	0.	
1908	0.	0.	
1908	0.	0.	
1909	0.	0.	
1909	0.	0.	
1909	0.	0.	
1909	25.	0.	
1909	282.	0.	
1909	549.	0.	
1909	451.	133.	
1909	346.	197.	
1909	123.	0.	
1909	50.	0.	
1909	0.	0.	
1909	0.	0.	
1910	0.	0.	
1910	0.	0.	
1910	0.	0.	
1910	25.	0.	
1910	282.	0.	
1910	424.	0.	
1910	284.	119.	
1910	157.	68.	
1910	95.	8.	
1910	50.	0.	
1910	0.	0.	
1910	0.	0.	
1911	0.	0.	
1911	0.	0.	
1911	0.	0.	
1911	21.	0.	
1911	294.	0.	
1911	424.	0.	
1911	284.	60.	
1911	157.	34.	
1911	97.	0.	
1911	29.	0.	
1911	0.	0.	
1911	0.	0.	
1912	0.	0.	
1912	0.	0.	
1912	0.	0.	
1912	25.	0.	
1912	294.	0.	
1912	549.	0.	
1912	451.	98.	
1912	346.	178.	
1912	123.	1.	
1912	29.	0.	
1912	0.	0.	
1912	0.	0.	
1913	0.	0.	
1913	0.	0.	
1913	0.	0.	
1913	21.	0.	
1913	294.	0.	
1913	424.	0.	
1913	284.	85.	
1913	157.	68.	
1913	95.	0.	
1913	50.	0.	
1913	0.	0.	
1913	0.	0.	
1914	0.	0.	
1914	0.	0.	
1914	0.	0.	
1914	21.	0.	
1914	294.	0.	
1914	549.	0.	
1914	451.	217.	
1914	346.	225.	
1914	95.	0.	
1914	50.	0.	
1914	0.	0.	
1914	0.	0.	
1915	0.	0.	
1915	0.	0.	
1915	0.	0.	
1915	25.	0.	
1915	245.	0.	
1915	424.	0.	
1915	284.	63.	
1915	151.	33.	
1915	97.	9.	
1915	55.	0.	
1915	0.	0.	
1915	0.	0.	
1916	0.	0.	
1916	0.	0.	
1916	0.	0.	
1916	21.	0.	
1916	282.	0.	
1916	549.	0.	
1916	451.	241.	
1916	346.	227.	
1916	123.	10.	
1916	29.	0.	
1916	0.	0.	
1916	0.	0.	
1917	0.	0.	
1917	0.	0.	
1917	0.	0.	
1917	25.	0.	
1917	282.	0.	
1917	549.	0.	
1917	451.	119.	
1917	346.	222.	
1917	123.	32.	
1917	50.	0.	
1917	0.	0.	
1917	0.	0.	
1918	0.	0.	
1918	0.	0.	
1918	0.	0.	
1918	25.	0.	
1918	294.	0.	
1918	549.	0.	
1918	284.	53.	
1918	157.	36.	
1918	123.	18.	
1918	29.	0.	
1918	0.	0.	
1918	0.	0.	
1919	0.	0.	
1919	0.	0.	
1919	0.	0.	
1919	21.	0.	
1919	294.	0.	
1919	424.	53.	
1919	284.	64.	
1919	157.	40.	
1919	95.	6.	
1919	50.	0.	
1919	0.	0.	
1919	0.	0.	
1920	0.	0.	
1920	0.	0.	
1920	0.	0.	
1920	30.	0.	
1920	294.	0.	
1920	549.	0.	
1920	451.	116.	
1920	346.	212.	
1920	95.	0.	
1920	50.	0.	
1920	0.	0.	
1920	0.	0.	
1921	0.	0.	
1921	0.	0.	
1921	0.	0.	
1921	25.	0.	
1921	282.	0.	
1921	549.	0.	
1921	451.	109.	
1921	346.	213.	
1921	123.	6.	
1921	50.	0.	
1921	0.	0.	
1921	0.	0.	
1922	0.	0.	
1922	0.	0.	
1922	0.	0.	
1922	25.	0.	
1922	294.	0.	
1922	424.	0.	
1922	284.	61.	
1922	157.	36.	
1922	95.	11.	
1922	50.	0.	
1922	0.	0.	
1922	0.	0.	
1923	0.	0.	
1923	0.	0.	
1923	0.	0.	
1923	25.	0.	
1923	294.	0.	
1923	549.	0.	
1923	451.	104.	
1923	346.	218.	
1923	123.	7.	
1923	50.	0.	
1923	0.	0.	
1923	0.	0.	
1924	0.	0.	
1924	0.	0.	
1924	0.	0.	
1924	25.	0.	
1924	282.	0.	
1924	549.	0.	
1924	284.	34.	
1924	151.	50.	
1924	95.	36.	
1924	50.	0.	
1924	0.	0.	
1924	0.	0.	
1925	0.	0.	
1925	0.	0.	
1925	0.	0.	
1925	21.	0.	
1925	282.	0.	
1925	424.	0.	
1925	284.	75.	
1925	346.	214.	
1925	123.	0.	
1925	29.	0.	
1925	0.	0.	
1925	0.	0.	
1926	0.	0.	
1926	0.	0.	
1926	0.	0.	
1926	25.	0.	
1926	282.	0.	
1926	424.	0.	
1926	284.	4.	
1926	157.	25.	
1926	95.	0.	
1926	50.	0.	
1926	0.	0.	
1926	0.	0.	
1927	0.	0.	
1927	0.	0.	
1927	0.	0.	
1927	25.	0.	
1927	294.	0.	
1927	549.	0.	
1927	284.	64.	
1927	346.	222.	
1927	123.	17.	
1927	29.	0.	
1927	0.	0.	
1927	0.	0.	
1928	0.	0.	
1928	0.	0.	
1928	0.	0.	
1928	25.	0.	
1928	294.	0.	
1928	424.	0.	
1928	284.	9.	
1928	157.	33.	
1928	95.	0.	
1928	50.	0.	
1928	0.	0.	
1928	0.	0.	
1929	0.	0.	
1929	0.	0.	
1929	0.	0.	
1929	25.	0.	
1929	294.	0.	
1929	549.	0.	
1929	284.	38.	
1929	346.	199.	
1929	123.	0.	
1929	29.	0.	
1929	0.	0.	
1929	0.	0.	
1930	0.	0.	
1930	0.	0.	
1930	0.	0.	
1930	21.	0.	
1930	282.	0.	
1930	424.	0.	
1930	284.	92.	
1930	346.	186.	
1930	95.	0.	
1930	50.	0.	
1930	0.	0.	
1930	0.	0.	
1931	0.	0.	
1931	0.	0.	
1931	0.	0.	
1931	30.	0.	
1931	245.	0.	
1931	403.	23.	
1931	281.	116.	
1931	151.	69.	
1931	97.	9.	
1931	50.	0.	
1931	0.	0.	
1931	0.	0.	
1932	0.	0.	
1932	0.	0.	
1932	0.	0.	
1932	21.	0.	
1932	294.	0.	
1932	549.	0.	
1932	451.	233.	
1932	346.	239.	
1932	95.	2.	
1932	50.	0.	
1932	0.	0.	
1932	0.	0.	
1933	0.	0.	
1933	0.	0.	
1933	0.	0.	
1933	30.	0.	
1933	282.	0.	
1933	549.	0.	
1933	284.	68.	
1933	157.	58.	
1933	95.	0.	
1933	55.	0.	
1933	0.	0.	
1933	0.	0.	
1934	0.	0.	
1934	0.	0.	
1934	0.	0.	
1934	25.	0.	
1934	282.	0.	
1934	403.	234.	
1934	281.	172.	
1934	151.	87.	
1934	97.	28.	
1934	55.	0.	
1934	0.	0.	
1934	0.	0.	
1935	0.	0.	
1935	0.	0.	
1935	0.	0.	
1935	30.	0.	
1935	245.	0.	
1935	549.	0.	
1935	284.	55.	
1935	157.	38.	
1935	95.	0.	
1935	50.	0.	
1935	0.	0.	
1935	0.	0.	
1936	0.	0.	
1936	0.	0.	
1936	0.	0.	
1936	21.	0.	
1936	294.	0.	
1936	424.	0.	
1936	284.	80.	
1936	157.	41.	
1936	95.	0.	
1936	50.	0.	
1936	0.	0.	
1936	0.	0.	
1937	0.	0.	
1937	0.	0.	
1937	0.	0.	
1937	25.	0.	
1937	294.	0.	
1937	424.	0.	
1937	284.	97.	
1937	151.	72.	
1937	95.	5.	
1937	50.	0.	
1937	0.	0.	
1937	0.	0.	
1938	0.	0.	
1938	0.	0.	
1938	0.	0.	
1938	21.	0.	
1938	294.	0.	
1938	549.	0.	
1938	451.	286.	
1938	157.	77.	
1938	123.	45.	
1938	50.	0.	
1938	0.	0.	
1938	0.	0.	
1939	0.	0.	
1939	0.	0.	
1939	0.	0.	
1939	25.	0.	
1939	294.	0.	
1939	424.	0.	
1939	281.	138.	
1939	151.	94.	
1939	95.	27.	
1939	55.	3.	
1939	0.	0.	
1939	0.	0.	
1940	0.	0.	
1940	0.	0.	
1940	0.	0.	
1940	25.	0.	
1940	282.	0.	
1940	403.	86.	
1940	281.	133.	
1940	151.	85.	
1940	95.	0.	
1940	50.	0.	
1940	0.	0.	
1940	0.	0.	
1941	0.	0.	
1941	0.	0.	
1941	0.	0.	
1941	30.	0.	
1941	294.	0.	
1941	424.	0.	
1941	284.	117.	
1941	157.	86.	
1941	95.	21.	
1941	29.	0.	
1941	0.	0.	
1941	0.	0.	
1942	0.	0.	
1942	0.	0.	
1942	0.	0.	
1942	21.	0.	
1942	282.	0.	
1942	549.	0.	
1942	284.	101.	
1942	157.	84.	
1942	97.	28.	
1942	55.	3.	
1942	0.	0.	
1942	0.	0.	
1943	0.	0.	
1943	0.	0.	
1943	0.	0.	
1943	21.	0.	
1943	282.	0.	
1943	424.	0.	
1943	284.	102.	
1943	346.	264.	
1943	95.	36.	
1943	55.	0.	
1943	0.	0.	
1943	0.	0.	
1944	0.	0.	
1944	0.	0.	
1944	0.	0.	
1944	30.	0.	
1944	282.	0.	
1944	424.	0.	
1944	284.	81.	
1944	157.	75.	
1944	97.	46.	
1944	55.	0.	
1944	0.	0.	
1944	0.	0.	
1945	0.	0.	
1945	0.	0.	
1945	0.	0.	
1945	30.	0.	
1945	282.	0.	
1945	424.	0.	
1945	451.	232.	
1945	346.	209.	
1945	95.	0.	
1945	50.	0.	
1945	0.	0.	
1945	0.	0.	
1946	0.	0.	
1946	0.	0.	
1946	0.	0.	
1946	21.	0.	
1946	245.	0.	
1946	424.	0.	
1946	284.	78.	
1946	157.	64.	
1946	97.	5.	
1946	50.	0.	
1946	0.	0.	
1946	0.	0.	
1947	0.	0.	
1947	0.	0.	
1947	0.	0.	
1947	25.	0.	
1947	294.	0.	
1947	549.	0.	
1947	451.	156.	
1947	346.	217.	
1947	123.	19.	
1947	29.	0.	
1947	0.	0.	
1947	0.	0.	
1948	0.	0.	
1948	0.	0.	
1948	0.	0.	
1948	21.	0.	
1948	294.	0.	
1948	424.	0.	
1948	284.	84.	
1948	157.	82.	
1948	97.	32.	
1948	50.	0.	
1948	0.	0.	
1948	0.	0.	
1949	0.	0.	
1949	0.	0.	
1949	0.	0.	
1949	25.	0.	
1949	282.	0.	
1949	424.	0.	
1949	451.	164.	
1949	157.	36.	
1949	95.	0.	
1949	50.	0.	
1949	0.	0.	
1949	0.	0.	
1950	0.	0.	
1950	0.	0.	
1950	0.	0.	
1950	23.	0.	
1950	282.	0.	
1950	424.	0.	
1950	284.	119.	
1950	171.	65.	
1950	90.	17.	
1950	95.	22.	
1950	0.	0.	
1950	0.	0.	
1951	0.	0.	
1951	0.	0.	
1951	0.	0.	
1951	23.	0.	
1951	282.	0.	
1951	424.	0.	
1951	300.	8.	
1951	142.	34.	
1951	115.	0.	
1951	50.	0.	
1951	0.	0.	
1951	0.	0.	
1952	0.	0.	
1952	0.	0.	
1952	0.	0.	
1952	32.	0.	
1952	279.	0.	
1952	549.	0.	
1952	284.	73.	
1952	346.	240.	
1952	115.	3.	
1952	76.	9.	
1952	0.	0.	
1952	0.	0.	
1953	0.	0.	
1953	0.	0.	
1953	0.	0.	
1953	30.	0.	
1953	202.	0.	
1953	424.	0.	
1953	284.	91.	
1953	143.	25.	
1953	130.	54.	
1953	64.	0.	
1953	0.	0.	
1953	0.	0.	
1954	0.	0.	
1954	0.	0.	
1954	0.	0.	
1954	61.	0.	
1954	300.	0.	
1954	392.	229.	
1954	300.	241.	
1954	155.	105.	
1954	80.	16.	
1954	60.	0.	
1954	0.	0.	
1954	0.	0.	
1955	0.	0.	
1955	0.	0.	
1955	0.	0.	
1955	23.	0.	
1955	282.	0.	
1955	372.	0.	
1955	319.	181.	
1955	142.	68.	
1955	115.	73.	
1955	47.	0.	
1955	0.	0.	
1955	0.	0.	
1956	0.	0.	
1956	0.	0.	
1956	0.	0.	
1956	23.	0.	
1956	300.	0.	
1956	456.	0.	
1956	206.	51.	
1956	92.	0.	
1956	127.	57.	
1956	52.	0.	
1956	0.	0.	
1956	0.	0.	
1957	0.	0.	
1957	0.	0.	
1957	0.	0.	
1957	23.	0.	
1957	282.	0.	
1957	549.	0.	
1957	451.	0.	
1957	346.	184.	
1957	123.	11.	
1957	50.	0.	
1957	0.	0.	
1957	0.	0.	
1958	0.	0.	
1958	0.	0.	
1958	0.	0.	
1958	30.	0.	
1958	323.	0.	
1958	431.	0.	
1958	291.	134.	
1958	169.	113.	
1958	92.	19.	
1958	47.	0.	
1958	0.	0.	
1958	0.	0.	
1959	0.	0.	
1959	0.	0.	
1959	0.	0.	
1959	30.	0.	
1959	255.	0.	
1959	424.	0.	
1959	296.	75.	
1959	142.	16.	
1959	77.	0.	
1959	50.	0.	
1959	0.	0.	
1959	0.	0.	
1960	0.	0.	
1960	0.	0.	
1960	0.	0.	
1960	12.	0.	
1960	282.	0.	
1960	424.	0.	
1960	298.	76.	
1960	167.	83.	
1960	77.	0.	
1960	47.	0.	
1960	0.	0.	
1960	0.	0.	
1961	0.	0.	
1961	0.	0.	
1961	0.	0.	
1961	30.	0.	
1961	282.	0.	
1961	417.	0.	
1961	274.	93.	
1961	157.	67.	
1961	123.	0.	
1961	52.	0.	
1961	0.	0.	
1961	0.	0.	
1962	0.	0.	
1962	0.	0.	
1962	0.	0.	
1962	21.	0.	
1962	306.	0.	
1962	424.	0.	
1962	451.	177.	
1962	186.	65.	
1962	125.	50.	
1962	62.	0.	
1962	0.	0.	
1962	0.	0.	
1963	0.	0.	
1963	0.	0.	
1963	0.	0.	
1963	57.	0.	
1963	381.	0.	
1963	342.	11.	
1963	343.	205.	
1963	139.	36.	
1963	98.	21.	
1963	121.	57.	
1963	0.	0.	
1963	0.	0.	
1964	0.	0.	
1964	0.	0.	
1964	0.	0.	
1964	30.	0.	
1964	282.	0.	
1964	424.	0.	
1964	304.	128.	
1964	145.	40.	
1964	113.	54.	
1964	64.	0.	
1964	0.	0.	
1964	0.	0.	
1965	0.	0.	
1965	0.	0.	
1965	0.	0.	
1965	23.	0.	
1965	282.	0.	
1965	549.	0.	
1965	451.	170.	
1965	346.	191.	
1965	123.	0.	
1965	93.	0.	
1965	0.	0.	
1965	0.	0.	
1966	0.	0.	
1966	0.	0.	
1966	0.	0.	
1966	39.	0.	
1966	300.	0.	
1966	425.	237.	
1966	294.	220.	
1966	161.	99.	
1966	98.	16.	
1966	47.	0.	
1966	0.	0.	
1966	0.	0.	
1967	0.	0.	
1967	0.	0.	
1967	0.	0.	
1967	30.	0.	
1967	282.	0.	
1967	424.	0.	
1967	289.	68.	
1967	167.	43.	
1967	83.	0.	
1967	55.	0.	
1967	0.	0.	
1967	0.	0.	
1968	0.	0.	
1968	0.	0.	
1968	0.	0.	
1968	30.	0.	
1968	202.	0.	
1968	424.	0.	
1968	296.	48.	
1968	346.	192.	
1968	98.	5.	
1968	50.	0.	
1968	0.	0.	
1968	0.	0.	
1969	0.	0.	
1969	0.	0.	
1969	0.	0.	
1969	64.	0.	
1969	368.	0.	
1969	266.	0.	
1969	284.	84.	
1969	142.	44.	
1969	95.	0.	
1969	18.	0.	
1969	0.	0.	
1969	0.	0.	
1970	0.	0.	
1970	0.	0.	
1970	0.	0.	
1970	23.	0.	
1970	297.	0.	
1970	424.	0.	
1970	284.	56.	
1970	165.	38.	
1970	123.	21.	
1970	18.	0.	
1970	0.	0.	
1970	0.	0.	
1971	0.	0.	
1971	0.	0.	
1971	0.	0.	
1971	12.	0.	
1971	282.	0.	
1971	424.	0.	
1971	284.	15.	
1971	149.	20.	
1971	83.	0.	
1971	50.	0.	
1971	0.	0.	
1971	0.	0.	
1972	0.	0.	
1972	0.	0.	
1972	0.	0.	
1972	46.	0.	
1972	232.	0.	
1972	424.	0.	
1972	306.	126.	
1972	133.	57.	
1972	83.	0.	
1972	18.	0.	
1972	0.	0.	
1972	0.	0.	
1973	0.	0.	
1973	0.	0.	
1973	0.	0.	
1973	30.	0.	
1973	282.	0.	
1973	424.	0.	
1973	451.	193.	
1973	155.	28.	
1973	83.	6.	
1973	62.	0.	
1973	0.	0.	
1973	0.	0.	
1974	0.	0.	
1974	0.	0.	
1974	0.	0.	
1974	7.	0.	
1974	355.	0.	
1974	344.	0.	
1974	238.	13.	
1974	171.	30.	
1974	119.	0.	
1974	83.	0.	
1974	0.	0.	
1974	0.	0.	
1975	0.	0.	
1975	0.	0.	
1975	0.	0.	
1975	0.	0.	
1975	203.	0.	
1975	336.	0.	
1975	245.	0.	
1975	167.	43.	
1975	119.	35.	
1975	99.	31.	
1975	0.	0.	
1975	0.	0.	
1976	0.	0.	
1976	0.	0.	
1976	0.	0.	
1976	32.	0.	
1976	245.	0.	
1976	339.	0.	
1976	302.	116.	
1976	149.	77.	
1976	119.	56.	
1976	123.	62.	
1976	0.	0.	
1976	0.	0.	
1977	0.	0.	
1977	0.	0.	
1977	0.	0.	
1977	25.	0.	
1977	287.	0.	
1977	436.	280.	
1977	277.	182.	
1977	277.	182.	
1977	238.	170.	
1977	92.	0.	
1977	0.	0.	
1977	0.	0.	
1978	0.	0.	
1978	0.	0.	
1978	0.	0.	
1978	39.	0.	
1978	261.	0.	
1978	403.	0.	
1978	307.	75.	
1978	176.	57.	
1978	119.	67.	
1978	63.	0.	
1978	0.	0.	
1978	0.	0.	
1979	0.	0.	
1979	0.	0.	
1979	0.	0.	
1979	7.	0.	
1979	213.	0.	
1979	409.	0.	
1979	266.	26.	
1979	149.	28.	
1979	123.	43.	
1979	123.	78.	
1979	0.	0.	
1979	0.	0.	
1980	0.	0.	
1980	0.	0.	
1980	0.	0.	
1980	0.	0.	
1980	188.	0.	
1980	453.	0.	
1980	307.	113.	
1980	157.	72.	
1980	119.	55.	
1980	123.	62.	
1980	0.	0.	
1980	0.	0.	
1981	0.	0.	
1981	0.	0.	
1981	0.	0.	
1981	61.	0.	
1981	203.	0.	
1981	409.	45.	
1981	268.	109.	
1981	182.	108.	
1981	114.	44.	
1981	89.	10.	
1981	0.	0.	
1981	0.	0.	
1982	0.	0.	
1982	0.	0.	
1982	0.	0.	
1982	0.	0.	
1982	188.	0.	
1982	331.	0.	
1982	307.	44.	
1982	180.	31.	
1982	119.	11.	
1982	63.	0.	
1982	0.	0.	
1982	0.	0.	
1983	0.	0.	
1983	0.	0.	
1983	0.	0.	
1983	270.	80.	
1983	614.	0.	
1983	672.	0.	
1983	623.	299.	
1983	463.	315.	
1983	169.	46.	
1983	60.	0.	
1983	0.	0.	
1983	0.	0.	
1984	0.	0.	
1984	0.	0.	
1984	0.	0.	
1984	0.	0.	
1984	284.	0.	
1984	494.	0.	
1984	695.	355.	
1984	327.	184.	
1984	109.	0.	
1984	7.	0.	
1984	0.	0.	
1984	0.	0.	
1985	0.	0.	
1985	0.	0.	
1985	0.	0.	
1985	25.	0.	
1985	265.	0.	
1985	618.	0.	
1985	612.	427.	
1985	306.	181.	
1985	151.	62.	
1985	49.	0.	
1985	0.	0.	
1985	0.	0.	
1986	0.	0.	
1986	0.	0.	
1986	0.	0.	
1986	0.	0.	
1986	313.	0.	
1986	410.	0.	
1986	636.	390.	
1986	319.	205.	
1986	262.	153.	
1986	44.	0.	
1986	0.	0.	
1986	0.	0.	
1987	0.	0.	
1987	0.	0.	
1987	0.	0.	
1987	43.	0.	
1987	265.	0.	
1987	356.	0.	
1987	257.	98.	
1987	149.	59.	
1987	118.	57.	
1987	40.	0.	
1987	0.	0.	
1987	0.	0.	
1988	0.	0.	
1988	0.	0.	
1988	0.	0.	
1988	415.	364.	
1988	638.	0.	
1988	615.	0.	
1988	296.	111.	
1988	149.	59.	
1988	72.	11.	
1988	57.	0.	
1988	0.	0.	
1988	0.	0.	
1989	0.	0.	
1989	0.	0.	
1989	0.	0.	
1989	46.	0.	
1989	287.	0.	
1989	386.	45.	
1989	277.	98.	
1989	145.	55.	
1989	97.	36.	
1989	50.	0.	
1989	0.	0.	
1989	0.	0.	
1990	0.	0.	
1990	0.	0.	
1990	0.	0.	
1990	18.	0.	
1990	271.	0.	
1990	436.	0.	
1990	213.	46.	
1990	145.	43.	
1990	105.	33.	
1990	38.	0.	
1990	0.	0.	
1990	0.	0.	
1991	0.	0.	
1991	0.	0.	
1991	0.	0.	
1991	0.	0.	
1991	245.	0.	
1991	311.	0.	
1991	213.	45.	
1991	173.	48.	
1991	85.	1.	
1991	40.	0.	
1991	0.	0.	
1991	0.	0.	
1992	0.	0.	
1992	0.	0.	
1992	0.	0.	
1992	43.	0.	
1992	255.	0.	
1992	356.	36.	
1992	257.	83.	
1992	167.	83.	
1992	118.	49.	
1992	74.	2.	
1992	0.	0.	
1992	0.	0.	
1993	0.	0.	
1993	0.	0.	
1993	0.	0.	
1993	46.	0.	
1993	651.	0.	
1993	673.	0.	
1993	577.	318.	
1993	394.	271.	
1993	274.	167.	
1993	128.	20.	
1993	0.	0.	
1993	0.	0.	
1994	0.	0.	
1994	0.	0.	
1994	0.	0.	
1994	25.	0.	
1994	301.	0.	
1994	411.	150.	
1994	268.	121.	
1994	163.	73.	
1994	118.	49.	
1994	38.	0.	
1994	0.	0.	
1994	0.	0.	
1995	0.	0.	
1995	0.	0.	
1995	0.	0.	
1995	0.	0.	
1995	182.	0.	
1995	500.	0.	
1995	507.	148.	
1995	507.	365.	
1995	82.	0.	
1995	21.	0.	
1995	0.	0.	
1995	0.	0.	
1996	0.	0.	
1996	0.	0.	
1996	0.	0.	
1996	14.	0.	
1996	504.	0.	
1996	552.	0.	
1996	532.	291.	
1996	355.	226.	
1996	55.	0.	
1996	33.	0.	
1996	0.	0.	
1996	0.	0.	
1997	0.	0.	
1997	0.	0.	
1997	0.	0.	
1997	0.	0.	
1997	460.	0.	
1997	572.	0.	
1997	255.	36.	
1997	148.	0.	
1997	143.	33.	
1997	36.	0.	
1997	0.	0.	
1997	0.	0.	
1998	0.	0.	
1998	0.	0.	
1998	0.	0.	
1998	0.	0.	
1998	470.	0.	
1998	471.	0.	
1998	292.	68.	
1998	157.	20.	
1998	115.	4.	
1998	26.	0.	
1998	0.	0.	
1998	0.	0.	
1999	0.	0.	
1999	0.	0.	
1999	0.	0.	
1999	0.	0.	
1999	287.	0.	
1999	522.	0.	
1999	425.	224.	
1999	290.	170.	
1999	183.	78.	
1999	50.	0.	
1999	0.	0.	
1999	0.	0.	
2000	0.	0.	
2000	0.	0.	
2000	0.	0.	
2000	46.	0.	
2000	290.	0.	
2000	433.	0.	
2000	321.	157.	
2000	200.	128.	
2000	194.	101.	
2000	142.	61.	
2000	0.	0.	
2000	0.	0.	
2001	0.	0.	
2001	0.	0.	
2001	0.	0.	
2001	43.	0.	
2001	367.	0.	
2001	439.	77.	
2001	296.	126.	
2001	171.	83.	
2001	119.	31.	
2001	115.	35.	
2001	0.	0.	
2001	0.	0.	
2002	0.	0.	
2002	0.	0.	
2002	0.	0.	
2002	68.	0.	
2002	319.	0.	
2002	481.	352.	
2002	309.	246.	
2002	147.	64.	
2002	80.	16.	
2002	21.	0.	
2002	0.	0.	
2002	0.	0.	
2003	0.	0.	
2003	0.	0.	
2003	0.	0.	
2003	32.	0.	
2003	271.	0.	
2003	372.	0.	
2003	357.	156.	
2003	135.	18.	
2003	88.	0.	
2003	67.	0.	
2003	0.	0.	
2003	0.	0.	
2004	0.	0.	
2004	0.	0.	
2004	0.	0.	
2004	46.	0.	
2004	323.	0.	
2004	378.	135.	
2004	285.	140.	
2004	151.	71.	
2004	89.	8.	
2004	48.	0.	
2004	0.	0.	
2004	0.	0.	
2005	0.	0.	
2005	0.	0.	
2005	0.	0.	
2005	21.	0.	
2005	374.	0.	
2005	653.	0.	
2005	432.	224.	
2005	319.	225.	
2005	87.	15.	
2005	43.	0.	
2005	0.	0.	
2005	0.	0.	
2006	0.	0.	
2006	0.	0.	
2006	0.	0.	
2006	100.	0.	
2006	438.	0.	
2006	442.	0.	
2006	302.	119.	
2006	141.	42.	
2006	80.	6.	
2006	10.	0.	
2006	0.	0.	
2006	0.	0.	
2007	0.	0.	
2007	0.	0.	
2007	0.	0.	
2007	36.	0.	
2007	432.	0.	
2007	436.	0.	
2007	354.	177.	
2007	176.	90.	
2007	72.	0.	
2007	29.	0.	
2007	0.	0.	
2007	0.	0.	
2008	0.	0.	
2008	0.	0.	
2008	0.	0.	
2008	0.	0.	
2008	190.	0.	
2008	536.	0.	
2008	418.	162.	
2008	265.	136.	
2008	225.	126.	
2008	43.	0.	
2008	0.	0.	
2008	0.	0.	
2009	0.	0.	
2009	0.	0.	
2009	0.	0.	
2009	7.	0.	
2009	284.	0.	
2009	518.	0.	
2009	341.	134.	
2009	223.	104.	
2009	215.	141.	
2009	17.	0.	
2009	0.	0.	
2009	0.	0.	
2010	0.	0.	
2010	0.	0.	
2010	0.	0.	
2010	73.	0.	
2010	283.	0.	
2010	571.	0.	
2010	304.	125.	
2010	153.	65.	
2010	120.	23.	
2010	31.	0.	
2010	0.	0.	
2010	0.	0.	
2011	0.	0.	
2011	0.	0.	
2011	0.	0.	
2011	0.	0.	
2011	215.	0.	
2011	440.	0.	
2011	283.	0.	
2011	180.	31.	
2011	100.	0.	
2011	29.	0.	
2011	0.	0.	
2011	0.	0.	
2012	0.	0.	
2012	0.	0.	
2012	0.	0.	
2012	57.	0.	
2012	339.	0.	
2012	483.	350.	
2012	202.	120.	
2012	198.	106.	
2012	107.	46.	
2012	38.	0.	
2012	0.	0.	
2012	0.	0.	
2013	0.	0.	
2013	0.	0.	
2013	0.	0.	
2013	0.	0.	
2013	216.	0.	
2013	461.	0.	
2013	268.	97.	
2013	153.	78.	
2013	50.	0.	
