1908	244.	220.	
1908	60.	60.	
1908	61.	61.	
1909	90.	90.	
1909	63.	63.	
1909	49.	49.	
1909	204.	0.	
1909	786.	0.	
1909	959.	291.	
1909	759.	68.	
1909	720.	0.	
1909	405.	0.	
1909	244.	149.	
1909	59.	0.	
1909	61.	9.	
1910	90.	52.	
1910	63.	35.	
1910	49.	0.	
1910	204.	0.	
1910	786.	0.	
1910	923.	0.	
1910	711.	0.	
1910	669.	0.	
1910	550.	384.	
1910	244.	167.	
1910	59.	0.	
1910	73.	27.	
1911	90.	56.	
1911	63.	38.	
1911	49.	31.	
1911	204.	0.	
1911	786.	0.	
1911	923.	255.	
1911	711.	0.	
1911	669.	0.	
1911	590.	0.	
1911	220.	114.	
1911	48.	0.	
1911	61.	4.	
1912	90.	48.	
1912	63.	32.	
1912	49.	26.	
1912	204.	0.	
1912	871.	0.	
1912	959.	0.	
1912	759.	68.	
1912	720.	0.	
1912	405.	0.	
1912	220.	121.	
1912	48.	0.	
1912	33.	0.	
1913	90.	50.	
1913	63.	34.	
1913	49.	27.	
1913	200.	0.	
1913	871.	0.	
1913	923.	255.	
1913	711.	0.	
1913	669.	0.	
1913	550.	0.	
1913	244.	137.	
1913	59.	0.	
1913	61.	4.	
1914	90.	48.	
1914	63.	32.	
1914	49.	0.	
1914	204.	0.	
1914	871.	0.	
1914	959.	0.	
1914	759.	0.	
1914	720.	0.	
1914	550.	0.	
1914	244.	142.	
1914	59.	0.	
1914	61.	6.	
1915	90.	50.	
1915	63.	33.	
1915	42.	20.	
1915	195.	0.	
1915	764.	73.	
1915	923.	255.	
1915	711.	0.	
1915	669.	0.	
1915	590.	412.	
1915	450.	353.	
1915	59.	0.	
1915	61.	13.	
1916	90.	55.	
1916	63.	37.	
1916	58.	0.	
1916	200.	0.	
1916	786.	0.	
1916	959.	291.	
1916	759.	0.	
1916	720.	0.	
1916	405.	0.	
1916	220.	124.	
1916	48.	0.	
1916	33.	0.	
1917	28.	0.	
1917	38.	9.	
1917	49.	28.	
1917	204.	0.	
1917	786.	0.	
1917	959.	291.	
1917	759.	68.	
1917	720.	0.	
1917	405.	0.	
1917	244.	147.	
1917	59.	0.	
1917	61.	8.	
1918	90.	51.	
1918	63.	35.	
1918	58.	0.	
1918	204.	0.	
1918	786.	0.	
1918	959.	0.	
1918	759.	0.	
1918	669.	0.	
1918	405.	0.	
1918	220.	120.	
1918	48.	0.	
1918	33.	0.	
1919	28.	0.	
1919	63.	33.	
1919	49.	0.	
1919	200.	0.	
1919	786.	0.	
1919	923.	0.	
1919	711.	0.	
1919	669.	0.	
1919	550.	383.	
1919	244.	167.	
1919	59.	0.	
1919	61.	15.	
1920	28.	0.	
1920	63.	38.	
1920	49.	31.	
1920	195.	0.	
1920	871.	0.	
1920	959.	291.	
1920	759.	0.	
1920	720.	0.	
1920	405.	0.	
1920	244.	146.	
1920	59.	0.	
1920	61.	8.	
1921	90.	51.	
1921	63.	34.	
1921	49.	0.	
1921	204.	0.	
1921	786.	0.	
1921	959.	112.	
1921	759.	0.	
1921	720.	0.	
1921	405.	0.	
1921	244.	147.	
1921	59.	0.	
1921	61.	8.	
1922	90.	0.	
1922	63.	0.	
1922	49.	0.	
1922	204.	0.	
1922	871.	0.	
1922	923.	255.	
1922	711.	0.	
1922	720.	0.	
1922	405.	0.	
1922	244.	139.	
1922	59.	0.	
1922	33.	0.	
1923	90.	0.	
1923	63.	0.	
1923	49.	0.	
1923	204.	0.	
1923	786.	0.	
1923	959.	291.	
1923	759.	0.	
1923	720.	0.	
1923	405.	0.	
1923	244.	145.	
1923	59.	0.	
1923	61.	7.	
1924	28.	0.	
1924	63.	0.	
1924	42.	20.	
1924	204.	0.	
1924	786.	0.	
1924	959.	291.	
1924	711.	0.	
1924	703.	0.	
1924	550.	0.	
1924	244.	142.	
1924	59.	0.	
1924	61.	12.	
1925	90.	54.	
1925	63.	36.	
1925	49.	0.	
1925	200.	0.	
1925	786.	95.	
1925	923.	338.	
1925	711.	0.	
1925	720.	0.	
1925	405.	268.	
1925	220.	0.	
1925	48.	0.	
1925	61.	6.	
1926	90.	0.	
1926	63.	0.	
1926	49.	0.	
1926	204.	0.	
1926	786.	0.	
1926	923.	255.	
1926	711.	0.	
1926	669.	0.	
1926	550.	0.	
1926	244.	138.	
1926	59.	0.	
1926	61.	4.	
1927	90.	48.	
1927	63.	32.	
1927	49.	26.	
1927	204.	0.	
1927	871.	0.	
1927	959.	291.	
1927	711.	154.	
1927	720.	0.	
1927	405.	227.	
1927	220.	120.	
1927	48.	0.	
1927	33.	0.	
1928	90.	50.	
1928	63.	33.	
1928	49.	0.	
1928	204.	0.	
1928	871.	0.	
1928	923.	255.	
1928	759.	0.	
1928	669.	0.	
1928	550.	0.	
1928	244.	135.	
1928	59.	0.	
1928	61.	3.	
1929	90.	47.	
1929	63.	31.	
1929	49.	26.	
1929	204.	0.	
1929	786.	0.	
1929	959.	291.	
1929	759.	178.	
1929	720.	0.	
1929	405.	114.	
1929	220.	123.	
1929	48.	0.	
1929	61.	8.	
1930	90.	51.	
1930	63.	34.	
1930	42.	0.	
1930	200.	0.	
1930	786.	0.	
1930	923.	255.	
1930	711.	0.	
1930	720.	0.	
1930	550.	0.	
1930	244.	140.	
1930	59.	0.	
1930	61.	5.	
1931	90.	49.	
1931	43.	13.	
1931	42.	20.	
1931	195.	0.	
1931	764.	7.	
1931	923.	0.	
1931	729.	0.	
1931	703.	441.	
1931	590.	469.	
1931	244.	170.	
1931	60.	0.	
1931	73.	29.	
1932	31.	0.	
1932	63.	39.	
1932	42.	0.	
1932	204.	0.	
1932	871.	0.	
1932	959.	291.	
1932	759.	0.	
1932	720.	0.	
1932	550.	0.	
1932	244.	143.	
1932	59.	0.	
1932	61.	7.	
1933	28.	0.	
1933	63.	33.	
1933	49.	0.	
1933	195.	0.	
1933	786.	0.	
1933	959.	291.	
1933	711.	0.	
1933	669.	0.	
1933	550.	0.	
1933	450.	349.	
1933	60.	0.	
1933	73.	20.	
1934	90.	51.	
1934	43.	14.	
1934	49.	28.	
1934	204.	0.	
1934	786.	254.	
1934	875.	671.	
1934	729.	623.	
1934	703.	644.	
1934	590.	549.	
1934	450.	420.	
1934	60.	38.	
1934	73.	57.	
1935	31.	19.	
1935	43.	34.	
1935	42.	35.	
1935	195.	0.	
1935	764.	73.	
1935	959.	291.	
1935	711.	0.	
1935	669.	0.	
1935	550.	0.	
1935	450.	351.	
1935	60.	0.	
1935	73.	26.	
1936	31.	0.	
1936	43.	17.	
1936	42.	23.	
1936	200.	0.	
1936	871.	180.	
1936	923.	0.	
1936	711.	0.	
1936	720.	478.	
1936	550.	423.	
1936	450.	380.	
1936	60.	10.	
1936	73.	36.	
1937	31.	3.	
1937	43.	23.	
1937	42.	27.	
1937	204.	0.	
1937	871.	180.	
1937	923.	0.	
1937	711.	0.	
1937	703.	0.	
1937	550.	374.	
1937	244.	140.	
1937	59.	0.	
1937	61.	8.	
1938	31.	0.	
1938	43.	14.	
1938	49.	28.	
1938	200.	0.	
1938	871.	0.	
1938	959.	291.	
1938	759.	0.	
1938	669.	0.	
1938	405.	0.	
1938	244.	144.	
1938	59.	0.	
1938	61.	6.	
1939	90.	50.	
1939	43.	14.	
1939	49.	27.	
1939	200.	0.	
1939	871.	180.	
1939	923.	0.	
1939	729.	0.	
1939	703.	444.	
1939	590.	471.	
1939	450.	374.	
1939	60.	5.	
1939	73.	33.	
1940	31.	1.	
1940	43.	21.	
1940	42.	26.	
1940	204.	0.	
1940	786.	95.	
1940	923.	0.	
1940	729.	122.	
1940	703.	451.	
1940	590.	520.	
1940	244.	193.	
1940	60.	13.	
1940	73.	41.	
1941	31.	7.	
1941	43.	25.	
1941	42.	29.	
1941	195.	0.	
1941	871.	0.	
1941	923.	255.	
1941	711.	0.	
1941	669.	0.	
1941	550.	0.	
1941	220.	57.	
1941	59.	0.	
1941	61.	4.	
1942	90.	48.	
1942	63.	32.	
1942	49.	26.	
1942	200.	0.	
1942	871.	0.	
1942	959.	291.	
1942	711.	0.	
1942	669.	0.	
1942	590.	0.	
1942	450.	349.	
1942	60.	0.	
1942	73.	16.	
1943	31.	0.	
1943	43.	13.	
1943	42.	20.	
1943	200.	0.	
1943	786.	95.	
1943	923.	255.	
1943	711.	0.	
1943	669.	0.	
1943	550.	384.	
1943	450.	346.	
1943	59.	0.	
1943	61.	6.	
1944	31.	0.	
1944	43.	13.	
1944	42.	20.	
1944	195.	0.	
1944	786.	0.	
1944	923.	255.	
1944	711.	0.	
1944	703.	0.	
1944	590.	0.	
1944	450.	345.	
1944	59.	0.	
1944	61.	2.	
1945	31.	0.	
1945	43.	11.	
1945	49.	26.	
1945	195.	0.	
1945	786.	0.	
1945	923.	255.	
1945	711.	0.	
1945	720.	0.	
1945	550.	0.	
1945	244.	141.	
1945	59.	0.	
1945	33.	0.	
1946	28.	0.	
1946	63.	33.	
1946	49.	27.	
1946	200.	0.	
1946	786.	95.	
1946	923.	255.	
1946	711.	0.	
1946	703.	0.	
1946	590.	413.	
1946	244.	140.	
1946	59.	0.	
1946	33.	0.	
1947	31.	0.	
1947	63.	33.	
1947	49.	27.	
1947	204.	0.	
1947	871.	0.	
1947	959.	291.	
1947	759.	0.	
1947	720.	0.	
1947	550.	0.	
1947	244.	142.	
1947	48.	0.	
1947	33.	0.	
1948	28.	0.	
1948	38.	8.	
1948	49.	27.	
1948	200.	0.	
1948	871.	0.	
1948	923.	255.	
1948	711.	0.	
1948	669.	0.	
1948	590.	0.	
1948	450.	342.	
1948	59.	0.	
1948	73.	21.	
1949	90.	52.	
1949	63.	35.	
1949	49.	28.	
1949	204.	0.	
1949	786.	0.	
1949	959.	291.	
1949	759.	0.	
1949	669.	0.	
1949	550.	0.	
1949	244.	143.	
1949	59.	0.	
1949	61.	7.	
1950	90.	50.	
1950	63.	34.	
1950	58.	36.	
1950	220.	0.	
1950	879.	188.	
1950	923.	255.	
1950	711.	0.	
1950	714.	0.	
1950	493.	338.	
1950	670.	557.	
1950	60.	0.	
1950	61.	11.	
1951	90.	53.	
1951	63.	36.	
1951	49.	29.	
1951	220.	106.	
1951	879.	188.	
1951	923.	0.	
1951	817.	558.	
1951	669.	581.	
1951	533.	476.	
1951	244.	203.	
1951	59.	29.	
1951	61.	38.	
1952	90.	73.	
1952	63.	51.	
1952	49.	40.	
1952	293.	0.	
1952	821.	0.	
1952	959.	291.	
1952	794.	0.	
1952	720.	0.	
1952	648.	0.	
1952	470.	363.	
1952	59.	0.	
1952	61.	10.	
1953	90.	53.	
1953	63.	36.	
1953	49.	29.	
1953	195.	0.	
1953	691.	0.	
1953	983.	315.	
1953	711.	0.	
1953	669.	451.	
1953	814.	661.	
1953	420.	346.	
1953	60.	7.	
1953	61.	22.	
1954	90.	61.	
1954	63.	42.	
1954	49.	33.	
1954	453.	0.	
1954	936.	245.	
1954	867.	0.	
1954	837.	600.	
1954	783.	709.	
1954	493.	445.	
1954	410.	375.	
1954	60.	34.	
1954	73.	54.	
1955	31.	17.	
1955	43.	33.	
1955	42.	34.	
1955	204.	0.	
1955	714.	23.	
1955	767.	0.	
1955	729.	0.	
1955	728.	482.	
1955	805.	696.	
1955	500.	431.	
1955	60.	10.	
1955	73.	36.	
1956	31.	4.	
1956	43.	23.	
1956	49.	34.	
1956	287.	0.	
1956	1221.	530.	
1956	1013.	0.	
1956	666.	404.	
1956	772.	670.	
1956	838.	773.	
1956	590.	543.	
1956	60.	25.	
1956	73.	47.	
1957	31.	12.	
1957	63.	49.	
1957	42.	32.	
1957	204.	0.	
1957	759.	0.	
1957	959.	0.	
1957	759.	68.	
1957	720.	0.	
1957	633.	0.	
1957	244.	139.	
1957	59.	0.	
1957	61.	7.	
1958	90.	50.	
1958	38.	9.	
1958	58.	36.	
1958	207.	0.	
1958	1214.	0.	
1958	1004.	336.	
1958	760.	0.	
1958	928.	0.	
1958	493.	338.	
1958	710.	589.	
1958	60.	0.	
1958	73.	18.	
1959	90.	49.	
1959	63.	33.	
1959	42.	20.	
1959	200.	0.	
1959	1021.	330.	
1959	923.	719.	
1959	814.	692.	
1959	666.	600.	
1959	493.	446.	
1959	244.	210.	
1959	59.	34.	
1959	61.	42.	
1960	90.	76.	
1960	63.	53.	
1960	58.	51.	
1960	380.	0.	
1960	929.	238.	
1960	954.	472.	
1960	820.	0.	
1960	786.	525.	
1960	652.	577.	
1960	550.	496.	
1960	60.	20.	
1960	61.	32.	
1961	90.	68.	
1961	63.	47.	
1961	42.	30.	
1961	195.	0.	
1961	836.	145.	
1961	1038.	0.	
1961	774.	0.	
1961	655.	414.	
1961	401.	296.	
1961	190.	98.	
1961	59.	0.	
1961	33.	0.	
1962	28.	0.	
1962	38.	10.	
1962	58.	38.	
1962	420.	0.	
1962	1007.	0.	
1962	923.	255.	
1962	759.	0.	
1962	890.	0.	
1962	595.	0.	
1962	730.	0.	
1962	48.	0.	
1962	61.	0.	
1963	90.	43.	
1963	63.	28.	
1963	49.	0.	
1963	393.	0.	
1963	1314.	919.	
1963	846.	623.	
1963	726.	647.	
1963	579.	532.	
1963	619.	586.	
1963	400.	376.	
1963	60.	42.	
1963	73.	60.	
1964	31.	21.	
1964	43.	36.	
1964	42.	37.	
1964	195.	0.	
1964	759.	0.	
1964	842.	174.	
1964	854.	0.	
1964	669.	0.	
1964	567.	398.	
1964	710.	605.	
1964	60.	6.	
1964	61.	22.	
1965	90.	61.	
1965	63.	41.	
1965	42.	26.	
1965	207.	0.	
1965	759.	0.	
1965	923.	255.	
1965	759.	283.	
1965	720.	0.	
1965	401.	286.	
1965	510.	413.	
1965	48.	0.	
1965	33.	0.	
1966	28.	0.	
1966	38.	8.	
1966	58.	0.	
1966	220.	0.	
1966	957.	266.	
1966	929.	0.	
1966	900.	0.	
1966	703.	443.	
1966	614.	495.	
1966	320.	246.	
1966	60.	6.	
1966	73.	33.	
1967	90.	61.	
1967	43.	21.	
1967	49.	33.	
1967	204.	46.	
1967	691.	0.	
1967	923.	0.	
1967	711.	0.	
1967	645.	406.	
1967	550.	466.	
1967	260.	210.	
1967	59.	22.	
1967	61.	34.	
1968	90.	70.	
1968	63.	48.	
1968	49.	38.	
1968	195.	0.	
1968	691.	0.	
1968	923.	255.	
1968	711.	0.	
1968	720.	0.	
1968	571.	0.	
1968	270.	164.	
1968	59.	0.	
1968	61.	3.	
1969	28.	0.	
1969	63.	32.	
1969	49.	26.	
1969	407.	0.	
1969	1221.	530.	
1969	673.	5.	
1969	731.	0.	
1969	669.	0.	
1969	550.	0.	
1969	173.	80.	
1969	95.	20.	
1969	73.	22.	
1970	60.	22.	
1970	35.	7.	
1970	34.	14.	
1970	53.	0.	
1970	1021.	0.	
1970	777.	109.	
1970	691.	0.	
1970	762.	0.	
1970	362.	226.	
1970	110.	5.	
1970	48.	0.	
1970	33.	0.	
1971	28.	0.	
1971	38.	8.	
1971	58.	0.	
1971	187.	0.	
1971	759.	0.	
1971	923.	255.	
1971	717.	0.	
1971	697.	0.	
1971	401.	277.	
1971	244.	140.	
1971	0.	0.	
1971	0.	0.	
1972	0.	0.	
1972	0.	0.	
1972	54.	0.	
1972	603.	0.	
1972	993.	302.	
1972	813.	350.	
1972	694.	311.	
1972	667.	476.	
1972	562.	488.	
1972	10.	0.	
1972	0.	0.	
1972	0.	0.	
1973	0.	0.	
1973	0.	0.	
1973	0.	0.	
1973	40.	0.	
1973	666.	0.	
1973	988.	0.	
1973	749.	58.	
1973	691.	0.	
1973	668.	0.	
1973	380.	262.	
1973	0.	0.	
1973	0.	0.	
1974	0.	0.	
1974	0.	0.	
1974	0.	0.	
1974	113.	0.	
1974	1071.	380.	
1974	850.	0.	
1974	691.	273.	
1974	655.	420.	
1974	530.	445.	
1974	260.	210.	
1974	0.	0.	
1974	0.	0.	
1975	0.	0.	
1975	0.	0.	
1975	0.	0.	
1975	7.	0.	
1975	500.	0.	
1975	905.	237.	
1975	801.	160.	
1975	668.	0.	
1975	538.	334.	
1975	150.	0.	
1975	132.	0.	
1975	80.	0.	
1976	77.	0.	
1976	72.	10.	
1976	86.	40.	
1976	513.	0.	
1976	1014.	323.	
1976	763.	95.	
1976	691.	0.	
1976	714.	0.	
1976	525.	366.	
1976	260.	187.	
1976	154.	99.	
1976	152.	112.	
1977	124.	95.	
1977	93.	71.	
1977	71.	55.	
1977	333.	167.	
1977	843.	719.	
1977	1038.	954.	
1977	711.	682.	
1977	697.	678.	
1977	571.	557.	
1977	340.	330.	
1977	171.	163.	
1977	118.	112.	
1978	93.	89.	
1978	69.	66.	
1978	77.	75.	
1978	261.	0.	
1978	879.	188.	
1978	933.	265.	
1978	786.	0.	
1978	814.	0.	
1978	658.	477.	
1978	494.	385.	
1978	0.	0.	
1978	0.	0.	
1979	0.	0.	
1979	0.	0.	
1979	0.	0.	
1979	160.	0.	
1979	808.	0.	
1979	1027.	359.	
1979	811.	114.	
1979	748.	0.	
1979	833.	0.	
1979	540.	431.	
1979	0.	0.	
1979	0.	0.	
1980	0.	0.	
1980	0.	0.	
1980	0.	0.	
1980	133.	0.	
1980	723.	0.	
1980	1042.	374.	
1980	777.	0.	
1980	696.	0.	
1980	733.	0.	
1980	410.	293.	
1980	0.	0.	
1980	0.	0.	
1981	0.	0.	
1981	0.	0.	
1981	0.	0.	
1981	373.	0.	
1981	698.	7.	
1981	904.	0.	
1981	689.	448.	
1981	738.	680.	
1981	648.	608.	
1981	609.	580.	
1981	0.	0.	
1981	0.	0.	
1982	0.	0.	
1982	0.	0.	
1982	0.	0.	
1982	177.	0.	
1982	761.	0.	
1982	1118.	450.	
1982	696.	232.	
1982	717.	0.	
1982	452.	0.	
1982	140.	35.	
1982	0.	0.	
1982	0.	0.	
1983	0.	0.	
1983	0.	0.	
1983	0.	0.	
1983	7.	0.	
1983	737.	0.	
1983	1155.	0.	
1983	816.	125.	
1983	701.	243.	
1983	624.	0.	
1983	270.	153.	
1983	179.	86.	
1983	184.	121.	
1984	184.	137.	
1984	173.	139.	
1984	184.	159.	
1984	83.	0.	
1984	900.	0.	
1984	1074.	0.	
1984	758.	67.	
1984	689.	0.	
1984	643.	0.	
1984	150.	0.	
1984	179.	90.	
1984	184.	120.	
1985	184.	137.	
1985	167.	132.	
1985	184.	0.	
1985	87.	0.	
1985	829.	0.	
1985	1024.	356.	
1985	661.	0.	
1985	783.	0.	
1985	428.	279.	
1985	144.	30.	
1985	0.	0.	
1985	0.	0.	
1986	0.	0.	
1986	0.	0.	
1986	0.	0.	
1986	107.	0.	
1986	832.	0.	
1986	1240.	572.	
1986	705.	285.	
1986	703.	0.	
1986	492.	355.	
1986	160.	54.	
1986	0.	0.	
1986	0.	0.	
1987	0.	0.	
1987	0.	0.	
1987	0.	0.	
1987	300.	0.	
1987	886.	0.	
1987	896.	228.	
1987	687.	0.	
1987	623.	0.	
1987	633.	0.	
1987	280.	167.	
1987	0.	0.	
1987	0.	0.	
1988	0.	0.	
1988	0.	0.	
1988	0.	0.	
1988	93.	0.	
1988	669.	0.	
1988	842.	0.	
1988	743.	0.	
1988	685.	468.	
1988	489.	418.	
1988	510.	437.	
1988	0.	0.	
1988	0.	0.	
1989	0.	0.	
1989	0.	0.	
1989	0.	0.	
1989	453.	0.	
1989	1043.	352.	
1989	829.	0.	
1989	723.	481.	
1989	697.	637.	
1989	665.	623.	
1989	343.	312.	
1989	0.	0.	
1989	0.	0.	
1990	0.	0.	
1990	0.	0.	
1990	0.	0.	
1990	252.	0.	
1990	721.	30.	
1990	1029.	845.	
1990	684.	581.	
1990	683.	627.	
1990	648.	609.	
1990	678.	649.	
1990	0.	0.	
1990	0.	0.	
1991	0.	0.	
1991	0.	0.	
1991	0.	0.	
1991	60.	0.	
1991	836.	145.	
1991	717.	49.	
1991	716.	0.	
1991	731.	0.	
1991	571.	403.	
1991	273.	205.	
1991	0.	0.	
1991	0.	0.	
1992	0.	0.	
1992	0.	0.	
1992	0.	0.	
1992	580.	0.	
1992	915.	224.	
1992	817.	0.	
1992	714.	0.	
1992	698.	457.	
1992	629.	518.	
1992	320.	250.	
1992	0.	0.	
1992	0.	0.	
1993	0.	0.	
1993	0.	0.	
1993	0.	0.	
1993	76.	0.	
1993	859.	0.	
1993	1034.	366.	
1993	850.	0.	
1993	771.	0.	
1993	540.	0.	
1993	283.	181.	
1993	0.	0.	
1993	0.	0.	
1994	0.	0.	
1994	0.	0.	
1994	0.	0.	
1994	227.	0.	
1994	1157.	466.	
1994	1067.	0.	
1994	886.	0.	
1994	779.	512.	
1994	643.	564.	
1994	280.	224.	
1994	221.	180.	
1994	229.	198.	
1995	229.	206.	
1995	207.	190.	
1995	229.	217.	
1995	174.	0.	
1995	589.	0.	
1995	761.	0.	
1995	816.	125.	
1995	783.	0.	
1995	654.	0.	
1995	290.	194.	
1995	0.	0.	
1995	0.	0.	
1996	0.	0.	
1996	0.	0.	
1996	0.	0.	
1996	225.	0.	
1996	1064.	0.	
1996	854.	0.	
1996	719.	0.	
1996	679.	425.	
1996	497.	364.	
1996	150.	72.	
1996	0.	0.	
1996	0.	0.	
1997	0.	0.	
1997	0.	0.	
1997	0.	0.	
1997	33.	0.	
1997	1112.	0.	
1997	832.	164.	
1997	792.	0.	
1997	785.	0.	
1997	384.	274.	
1997	249.	0.	
1997	0.	0.	
1997	0.	0.	
1998	0.	0.	
1998	0.	0.	
1998	0.	0.	
1998	54.	0.	
1998	1085.	0.	
1998	1280.	612.	
1998	807.	0.	
1998	779.	0.	
1998	755.	0.	
1998	349.	227.	
1998	0.	0.	
1998	0.	0.	
1999	0.	0.	
1999	0.	0.	
1999	4.	0.	
1999	206.	0.	
1999	712.	0.	
1999	1010.	342.	
1999	742.	0.	
1999	741.	0.	
1999	552.	382.	
1999	660.	544.	
1999	0.	0.	
1999	0.	0.	
2000	0.	0.	
2000	0.	0.	
2000	0.	0.	
2000	320.	0.	
2000	929.	238.	
2000	846.	0.	
2000	709.	441.	
2000	700.	572.	
2000	537.	458.	
2000	376.	319.	
2000	0.	0.	
2000	0.	0.	
2001	0.	0.	
2001	0.	0.	
2001	41.	28.	
2001	272.	0.	
2001	871.	180.	
2001	879.	0.	
2001	683.	437.	
2001	707.	598.	
2001	557.	490.	
2001	270.	221.	
2001	0.	0.	
2001	0.	0.	
2002	0.	0.	
2002	0.	0.	
2002	0.	0.	
2002	587.	0.	
2002	800.	614.	
2002	938.	772.	
2002	749.	723.	
2002	624.	606.	
2002	462.	449.	
2002	199.	189.	
2002	126.	119.	
2002	130.	125.	
2003	130.	126.	
2003	118.	115.	
2003	130.	11.	
2003	426.	0.	
2003	821.	130.	
2003	821.	0.	
2003	803.	570.	
2003	693.	576.	
2003	501.	432.	
2003	300.	250.	
2003	119.	82.	
2003	123.	96.	
2004	123.	103.	
2004	115.	100.	
2004	123.	0.	
2004	220.	0.	
2004	850.	159.	
2004	838.	0.	
2004	674.	432.	
2004	610.	500.	
2004	456.	388.	
2004	200.	151.	
2004	133.	97.	
2004	137.	111.	
2005	137.	117.	
2005	124.	110.	
2005	137.	126.	
2005	133.	0.	
2005	771.	0.	
2005	1184.	516.	
2005	706.	0.	
2005	698.	0.	
2005	490.	199.	
2005	277.	0.	
2005	0.	0.	
2005	0.	0.	
2006	0.	0.	
2006	0.	0.	
2006	0.	0.	
2006	240.	0.	
2006	966.	0.	
2006	933.	0.	
2006	721.	0.	
2006	672.	427.	
2006	559.	423.	
2006	199.	115.	
2006	183.	113.	
2006	189.	139.	
2007	189.	153.	
2007	171.	144.	
2007	189.	0.	
2007	281.	0.	
2007	793.	0.	
2007	883.	0.	
2007	746.	378.	
2007	693.	560.	
2007	505.	428.	
2007	200.	144.	
2007	190.	139.	
2007	196.	161.	
2008	196.	170.	
2008	183.	164.	
2008	196.	182.	
2008	295.	0.	
2008	758.	0.	
2008	1128.	460.	
2008	714.	0.	
2008	661.	0.	
2008	481.	0.	
2008	270.	167.	
2008	89.	17.	
2008	92.	40.	
2009	92.	54.	
2009	83.	55.	
2009	92.	0.	
2009	158.	0.	
2009	871.	0.	
2009	750.	82.	
2009	714.	0.	
2009	661.	0.	
2009	510.	350.	
2009	208.	104.	
2009	215.	142.	
2009	222.	169.	
2010	222.	183.	
2010	200.	171.	
2010	222.	201.	
2010	357.	0.	
2010	676.	0.	
2010	883.	215.	
2010	711.	0.	
2010	641.	411.	
2010	548.	414.	
2010	270.	200.	
2010	0.	0.	
2010	0.	0.	
2011	0.	0.	
2011	0.	0.	
2011	0.	0.	
2011	109.	0.	
2011	564.	0.	
2011	817.	0.	
2011	764.	73.	
2011	732.	0.	
2011	529.	0.	
2011	210.	109.	
2011	179.	90.	
2011	184.	124.	
2012	184.	140.	
2012	173.	141.	
2012	184.	0.	
2012	671.	0.	
2012	914.	223.	
2012	1004.	755.	
2012	711.	578.	
2012	707.	628.	
2012	549.	493.	
2012	200.	159.	
2012	0.	0.	
2012	0.	0.	
2013	0.	0.	
2013	0.	0.	
2013	0.	0.	
2013	73.	0.	
2013	729.	38.	
2013	908.	0.	
2013	691.	451.	
2013	695.	638.	
2013	651.	610.	
